155.2 88.6218
155.781 89.103
156.004 86.0748
156.399 86.9005
156.347 87.3466
156.227 88.1227
156.864 89.741
156.128 89.6403
157.386 89.9252
158.399 89.2257
NA NA
155.2 88.6218
154.568 82.0755
154.131 78.9444
153.933 77.9065
153.977 72.0303
153.789 71.5536
NA NA
153.789 71.5536
156.956 71.5986
165.999 71.5707
NA NA
165.999 71.5707
168.806 81.367
170.313 82.5218
170.193 82.7696
170.405 82.9046
170.254 82.9301
170.123 82.9916
169.566 83.1377
169.207 83.4732
169.473 83.8704
169.307 84.5423
169.494 85.2306
NA NA
158.399 89.2257
158.793 88.7493
158.462 87.7612
158.749 86.1716
158.528 85.7874
158.365 85.6691
157.725 85.0123
157.85 84.2806
169.494 85.2306
NA NA
73.1248 66.1411
74.1919 62.9239
75.2891 58.8544
75.6647 57.6578
75.8485 57.1477
75.89 56.5236
76.3126 55.1324
76.8554 54.9073
76.9619 55.5065
77.1712 55.4534
77.4415 54.6517
77.1577 50.7279
NA NA
90.7867 54.5485
85.5506 52.0814
85.342 51.9928
77.1577 50.7279
NA NA
90.7867 54.5485
93.1265 71.5636
91.5152 86.0302
NA NA
70.4468 84.7168
69.7245 87.3502
76.6148 90.4933
82.6473 90.7469
90.293 86.9972
91.1627 86.2702
91.5152 86.0302
NA NA
73.1248 66.1411
73.0363 67.2337
73.1625 69.858
73.6125 70.4705
72.2937 74.0388
72.1314 74.7168
71.9704 76.8775
71.8885 77.6754
71.4299 78.5291
71.39 79.4271
71.2087 80.6003
71.5009 81.1734
71.4206 82.3828
71.0431 84.2309
70.4468 84.7168
NA NA
136.588 75.5937
135.965 73.3487
135.646 73.2457
135.221 72.989
135.202 73.0893
135.056 72.9651
134.676 72.8585
134.116 72.1858
NA NA
134.116 72.1858
133.112 68.6163
132.667 66.8213
130.064 59.6573
NA NA
149.295 66.4683
148.419 66.1898
147.031 66.0027
146.776 65.9747
147.761 65.1462
147.109 64.6373
146.099 64.4585
143.417 64.05
130.064 59.6573
NA NA
149.295 66.4683
149.673 66.8936
149.461 66.8961
149.283 67.0919
148.942 67.1275
149.327 67.5393
149.164 67.9787
148.403 68.5689
148.201 68.1268
147.362 68.8611
148.065 68.7627
148.753 72.0616
147.159 72.7325
NA NA
145.51 77.5331
145.646 77.2996
145.591 77.1172
145.942 76.7925
145.796 76.8091
145.656 76.5409
145.855 76.3158
145.601 76.367
145.721 76.1818
145.472 76.2564
145.529 75.9578
145.649 75.8447
145.609 75.6402
145.943 75.7202
145.747 75.5372
145.934 75.3975
145.901 75.1244
145.852 75.0661
146.012 75.0835
146.155 74.9629
146.038 74.6789
146.405 74.7147
146.234 74.5743
146.582 74.4171
146.508 74.2383
146.874 74.2032
146.662 73.5429
146.872 73.6399
146.658 73.412
146.908 73.4343
147.299 73.2734
147.159 72.7325
NA NA
136.588 75.5937
140.985 77.2451
145.51 77.5331
NA NA
73.1248 66.1411
62.0731 47.9452
56.9775 46.7886
56.2296 46.7376
55.1914 37.8035
NA NA
70.4468 84.7168
59.5594 92.2873
59.6222 91.3933
60.7676 91.2767
58.9355 91.1813
57.3341 91.4986
59.0565 85.4586
55.5566 84.907
47.6418 84.9005
44.0095 86.8867
43.1352 86.0847
43.2406 81.979
35.7216 83.0434
35.5764 80.5489
35.7608 77.1298
34.4048 78.2031
31.3387 80.0437
30.8005 79.4794
31.4938 77.6415
33.1095 75.0955
31.3458 75.7417
32.4771 74.6595
31.7433 74.5867
31.0658 74.7975
30.5877 74.7541
29.7017 74.5779
28.8366 74.6892
28.6637 73.8927
30.3625 73.0368
31.8905 70.7161
29.1683 71.6207
27.9365 72.3407
23.736 70.7971
23.6594 68.8234
23.3166 67.3631
23.8015 64.9293
25.1694 63.9786
26.297 63.9398
25.4057 66.7328
32.5955 65.4935
32.3318 65.1872
28.5878 62.1267
26.8535 60.2754
31.6841 57.0167
33.3255 56.8107
28.6309 56.254
25.98 57.55
25.5834 61.7884
24.6824 62.9037
20.1341 61.9683
19.7731 62.5915
19.9064 60.3768
20.4464 60.1714
19.6185 57.2837
19.4253 54.6777
19.6374 54.0885
19.9781 52.7518
20.7605 51.4728
21.2872 50.5964
20.9598 50.2923
19.9516 50.3924
19.6135 50.1523
23.0429 46.7123
22.9149 46.0563
23.3471 46.0381
23.5701 45.6623
23.3309 45.4588
22.0624 45.2099
22.429 44.5729
NA NA
55.1914 37.8035
39.3568 41.2718
28.3268 43.9067
22.429 44.5729
NA NA
109.467 56.7292
110.396 49.3137
110.767 42.9257
NA NA
109.467 56.7292
108.684 57.2189
107.716 57.7297
NA NA
107.716 57.7297
99.9966 58.0609
98.7747 57.4639
90.7867 54.5485
NA NA
90.4717 38.0137
90.145 44.6485
90.7867 54.5485
NA NA
107.411 35.7797
95.2643 35.9266
90.4717 38.0137
NA NA
107.411 35.7797
110.649 38.3511
110.7 39.4819
110.767 42.9257
NA NA
223.075 29.2096
230.305 36.4225
236.469 44.7287
NA NA
238.586 56.2514
238.665 55.5783
236.469 44.7287
NA NA
238.586 56.2514
237.208 55.5413
237.004 55.0467
235.832 53.8312
235.504 53.4679
235.112 52.3567
234.696 52.988
232.051 51.0235
230.28 49.9172
NA NA
223.075 29.2096
228.431 42.9451
230.073 46.3591
228.748 46.5328
230.28 49.9172
NA NA
217.935 62.6365
215.049 60.2394
214.242 60.3282
NA NA
217.935 62.6365
217.621 62.5797
217.218 63.1298
NA NA
224.674 70.8389
224.418 70.5088
223.714 70.2696
224.236 70.2303
224.232 70.0816
224.665 70.2633
223.828 69.6899
223.614 69.5897
223.37 69.4962
221.996 68.7025
220.208 67.0987
218.724 65.6942
217.226 63.7794
217.218 63.1298
NA NA
224.674 70.8389
219.38 69.5022
218.249 67.4961
214.242 60.3282
NA NA
211.037 66.105
212.668 66.3001
210.775 64.58
208.811 64.198
NA NA
211.037 66.105
210.604 65.5547
210.297 65.2707
208.811 64.198
NA NA
192.635 83.42
185.861 83.1611
184.665 83.4149
183.597 84.4392
183.198 84.4925
182.869 84.4907
182.482 84.5182
182.549 84.0482
169.531 85.9342
169.494 85.2306
NA NA
192.635 83.42
194.311 83.7168
195.944 84.6097
199.54 86.8391
204.329 89.0458
204.396 89.1931
203.716 89.1276
204.883 92.2141
207.352 93.7828
209.041 94.8835
205.743 101.32
204.999 100.773
197.873 102.805
198.689 102.908
194.893 103.099
193.328 103.064
186.888 102.763
186.013 102.502
187.988 102.783
187.738 102.655
187.26 102.621
185.599 102.337
184.326 101.375
183.184 101.408
184.011 99.8422
183.104 99.9472
181.777 99.7997
181.329 99.2995
183.023 98.3453
183.925 98.037
182.035 98.4452
180.492 98.6432
180.646 99.1276
178.617 99.2076
177.465 97.4716
176.541 97.1875
175.952 97.016
177.973 96.685
179.654 95.8211
181.653 94.5302
181.026 93.6577
179.81 94.8529
179.168 93.4487
176.874 92.7637
176.248 94.0604
177.65 95.1419
176.266 95.9103
174.651 95.0675
174.312 95.081
173.823 95.2281
175.421 92.2809
177.697 89.9677
176.927 89.0117
177.374 89.0112
175.624 88.4602
174.076 88.5869
173.499 88.2003
173.521 87.9793
173.382 87.86
173.325 87.7209
172.612 87.5007
170.979 88.1489
170.336 88.5113
170.511 88.5202
170.085 88.7019
168.151 89.4964
168.011 89.5362
166.499 90.2709
166.095 90.352
166.492 89.7877
166.312 90.3402
166.788 89.7007
165.949 89.3444
166.735 89.0302
166.05 89.0088
166.258 88.4593
166.15 88.0142
165.298 88.6809
165.739 88.4695
165.691 89.3136
165.151 89.0134
162.963 88.5781
164.255 87.5664
164.431 87.1594
163.149 87.9681
159.89 89.1498
160.716 88.4908
160.562 87.6294
160.3 88.2201
159.865 87.2084
159.836 88.3221
158.229 89.6968
158.399 89.2257
NA NA
192.635 83.42
193.341 83.4518
192.894 83.3123
192.805 83.2737
192.699 83.2434
193.271 83.2158
192.401 83.1628
191.716 82.9824
192.679 83.1084
192.385 82.9135
193.436 82.9891
193.325 82.9412
194.117 83.0488
194.451 83.0263
193.451 82.8826
194.293 82.9643
194.965 83.0303
194.052 82.784
194.608 82.8309
196.072 82.9553
195.255 82.785
197.026 82.9142
197.53 82.7802
196.982 82.5669
NA NA
173.86 70.4425
171.222 70.4412
170.262 70.5279
165.999 71.5707
NA NA
180.658 72.4178
178.706 71.7646
176.786 71.0513
173.86 70.4425
NA NA
180.658 72.4178
180.369 73.3178
182.555 75.1426
183.059 75.471
184.425 76.7451
186.243 77.4468
187.937 78.6257
188.351 78.8114
188.317 79.0739
189.087 79.5409
190.169 79.7316
190.431 79.9534
190.584 80.3493
191.277 80.462
192.501 80.9549
193.063 81.5938
196.982 82.5669
NA NA
69.6217 25.1241
69.9796 25.4757
70.5314 25.4157
70.718 25.7383
69.1623 27.6842
68.6923 28.1858
68.3323 28.4388
66.7724 29.8483
66.1511 30.7421
67.465 30.316
66.7305 31.1628
65.7431 32.6572
66.2044 36.9756
NA NA
69.6217 25.1241
69.7427 24.462
69.5812 24.2391
69.6336 24.1215
69.7145 23.8227
69.8282 12.1738
NA NA
72.8657 13.4888
72.4213 13.2416
71.3909 12.6681
69.8282 12.1738
NA NA
72.8657 13.4888
73.5535 17.4906
73.9735 18.4823
73.9867 18.885
74.053 19.2413
73.8946 19.3899
74.6641 20.0837
75.3661 21.0751
75.5196 21.4548
75.647 21.6232
75.6656 21.7985
75.8825 21.7213
75.9637 22.0296
76.6665 22.0327
76.4485 22.5029
76.3483 23.1871
76.3204 23.4633
76.1378 23.5748
76.2592 23.7232
76.143 23.8247
76.4761 24.2933
76.017 24.6633
76.1388 25.0158
75.9702 25.0907
76.0329 25.2637
76.6208 25.5745
76.8064 25.5431
76.9035 25.3982
77.161 25.3722
77.9175 24.828
78.4095 24.9686
78.3279 25.1592
78.4742 25.1772
78.5162 25.7132
79.0884 26.1794
78.9101 26.4966
79.2176 26.7361
79.5922 26.636
79.8215 26.7236
79.9935 27.3482
80.4333 27.4904
80.9077 27.0679
81.8885 26.968
82.1029 26.906
82.1689 26.7532
82.5225 26.612
82.7633 26.6841
83.0007 26.6444
84.0932 26.6383
84.5899 26.5851
85.1062 26.6182
84.9872 26.4676
85.2718 26.2351
85.7033 26.4163
86.3523 26.7769
NA NA
86.6144 33.3719
86.3232 30.095
86.2963 29.5517
86.3523 26.7769
NA NA
86.6144 33.3719
82.0693 32.932
75.4074 35.6221
NA NA
75.4074 35.6221
74.6858 35.832
72.5416 36.2656
66.2044 36.9756
NA NA
159.726 25.3568
147.623 28.9928
146.924 29.2399
143.069 30.7564
139.565 31.3498
NA NA
159.726 25.3568
159.129 28.2553
159.336 28.6026
159.729 29.3263
160.85 38.0766
NA NA
160.85 38.0766
156.304 54.1718
155.927 54.3719
155.877 54.6692
156.905 55.2772
157.248 56.0897
156.842 56.2256
156.838 56.3726
155.379 57.6122
154.623 57.6797
154.366 58.0587
154.579 58.5834
154.301 59.518
154.181 59.9242
154.454 60.457
NA NA
150.553 63.9001
150.873 63.2083
151.672 63.243
152.757 63.2567
152.913 62.7707
152.711 62.5457
152.944 61.7879
154.461 61.2499
154.124 60.8206
154.454 60.457
NA NA
137.98 42.345
137.811 42.9725
138.102 43.9375
138.423 44.6949
139.344 45.6701
140.385 46.5495
141.663 50.4938
144.289 50.3539
147.566 54.1712
147.828 57.6183
147.675 58.1908
146.323 59.7127
146.333 60.3561
148.043 60.9312
147.896 61.0778
148.064 61.1928
148.277 61.0824
149.2 61.7393
149.352 62.0707
149.852 62.7286
149.496 62.9071
150.259 63.8987
150.288 63.6597
150.553 63.9001
NA NA
139.565 31.3498
140.133 32.5442
140.785 34.0485
141.057 35.6145
140.88 36.313
140.748 37.3537
138.759 38.5039
138.658 38.6029
138.541 38.6032
138.354 39.4289
138.619 39.8377
138.771 40.483
138.618 40.6958
138.545 41.1791
137.904 41.6269
138.02 41.9063
137.98 42.345
NA NA
160.85 38.0766
161.707 39.6574
162.021 39.2336
163.584 35.6625
NA NA
170.217 36.5125
170.089 36.1527
168.742 35.6388
167.382 35.5974
163.584 35.6625
NA NA
169.788 55.581
169.854 44.5829
170.122 43.6528
170.217 36.5125
NA NA
154.454 60.457
154.925 60.3442
155.072 59.9462
156.262 60.0281
156.414 60.2135
156.911 59.5961
158.961 59.9017
159.283 60.062
159.622 59.3604
160.262 59.2735
160.653 59.6524
160.952 59.9099
160.882 59.667
161.048 59.6499
160.981 59.3312
161.006 58.9561
161.351 59.115
161.587 59.0984
161.374 58.9728
161.452 58.8039
161.897 59.333
163.863 60.1657
165.136 60.0762
166.212 59.2049
167.753 58.8443
168.287 57.555
168.088 56.0777
168.803 56.5933
169.419 56.7037
170.336 56.946
170.247 56.7486
169.965 56.5325
169.593 55.8844
169.788 55.581
NA NA
139.565 31.3498
139.096 30.3301
138.647 29.9323
138.592 29.5691
138.572 29.056
138.915 28.4197
138.685 27.7069
NA NA
137.98 42.345
137.042 41.3317
135.824 41.2627
134.369 40.927
133.374 40.6974
124.403 40.124
NA NA
121.841 31.4143
121.914 31.6499
122.267 32.2783
122.898 32.4272
123.46 33.0935
123.534 33.6979
124.009 33.7975
123.71 34.2825
124.129 34.5578
124.924 37.3972
124.658 39.2641
124.217 39.8617
124.403 40.124
NA NA
121.841 31.4143
121.034 30.4695
121.779 29.6697
122.04 29.4884
122.067 29.3612
121.712 29.2683
121.914 29.0483
121.848 28.5916
122.282 28.488
NA NA
122.282 28.488
129.088 29.4266
130.39 29.6264
138.685 27.7069
NA NA
109.467 56.7292
117.072 54.9646
129.785 57.8415
NA NA
124.778 41.1817
116.99 42.0851
116.475 42.066
110.767 42.9257
NA NA
129.785 57.8415
129.555 48.6651
126.426 46.1366
125.651 43.7361
125.481 43.1973
124.822 42.5808
125.935 41.3593
126.354 41.1492
126.566 40.8786
126.314 40.6908
125.243 41.3438
124.778 41.1817
NA NA
183.265 58.8244
182.889 60.1044
183.832 60.5389
184.085 60.5964
184.267 60.6965
185.303 61.1818
186.03 61.3048
NA NA
186.03 61.3048
183.723 61.8998
181.396 62.5358
180.915 62.8079
180.312 62.9917
180.289 63.1075
179.398 63.5228
179.156 63.8527
176.791 64.0311
NA NA
150.015 65.1432
154.03 65.9139
154.085 65.1053
158.217 63.4333
160.873 63.429
173.702 64.1553
176.791 64.0311
NA NA
150.553 63.9001
150.741 64.1089
150.713 64.4793
150.74 64.5976
150.725 64.597
150.619 64.9955
150.188 64.8037
150.015 65.1432
NA NA
183.265 58.8244
181.651 57.6
180.84 56.7631
178.69 57.8663
177.99 58.0242
176.91 57.6857
176.486 57.7546
176.314 57.5812
176.243 57.4383
174.885 57.3287
174.911 57.1988
173.722 56.4726
169.788 55.581
NA NA
152.276 89.2014
150.709 85.3652
150.789 84.6405
148.858 84.3357
144.695 84.3035
144.777 83.9933
144.764 83.5874
145.016 83.3913
144.955 83.1362
145.198 83.1018
145.112 82.7822
145.369 82.5736
145.166 82.4793
145.472 82.3439
145.635 81.9739
145.708 81.8696
145.513 81.5693
145.816 81.6404
145.937 81.0485
146.199 80.7636
145.823 80.7294
145.636 80.4004
146.08 80.5289
146.174 80.1287
145.609 79.0675
145.836 79.146
145.801 78.9137
145.836 78.7153
145.561 78.7071
145.746 78.3481
145.581 78.1813
145.775 77.6626
145.523 77.8028
145.51 77.5331
NA NA
152.276 89.2014
150.467 87.1379
149.141 86.3756
148.16 87.7512
148.512 88.6367
150.953 89.1522
151.385 88.6165
151.692 88.9364
152.1 89.29
151.906 89.7787
151.583 89.6089
151.697 90.381
152.324 90.8718
152.492 89.8734
152.89 90.0298
153.335 89.8015
153.249 90.0235
153.334 90.1906
153.425 90.6092
152.81 91.0849
152.603 91.4709
152.494 91.4824
152.201 91.7917
152.35 92.2088
152.862 92.2872
153.699 92.5475
153.658 92.64
153.269 92.8325
153.219 92.9624
152.95 92.8079
152.515 93.0482
152.638 92.9542
152.754 92.8726
152.464 92.6255
152.223 92.5731
151.869 92.4249
151.308 92.4984
151.33 92.3201
150.614 92.3284
150.386 92.5593
150.508 92.7024
149.712 92.9946
149.305 92.6104
148.973 92.7168
148.393 92.4676
148.376 92.5494
147.859 92.7584
146.849 92.4178
146.583 92.0601
145.783 91.4225
145.411 91.3228
145.386 91.1017
145.17 90.911
145.185 90.5097
144.626 90.5238
144.629 90.2757
144.264 90.2664
143.766 90.3248
143.958 90.5832
144.124 90.7791
144.121 90.9056
143.248 90.8367
141.972 90.3458
140.506 90.6291
NA NA
136.588 75.5937
137.722 80.3442
138.711 81.4366
138.736 81.7903
139.003 82.0552
139.256 82.523
139.684 83.1164
139.741 83.3269
139.78 83.379
139.724 83.5372
139.645 84.182
139.816 85.7607
140.193 87.011
140.515 88.3577
140.366 90.2961
140.506 90.6291
NA NA
242.191 34.2978
241.22 32.3645
239.362 29.174
232.433 16.4563
NA NA
242.191 34.2978
242.527 34.6505
242.622 33.7139
242.817 33.5669
242.851 33.0712
243.097 33.1626
242.692 32.0996
243.197 31.7726
243.407 32.028
243.687 33.043
243.626 32.0368
243.888 32.3932
243.802 31.9756
244.043 32.5316
244.055 31.6235
244.156 31.9841
244.315 32.0219
244.377 32.3768
244.505 31.5547
244.396 30.4282
244.254 29.0311
244.444 29.1455
244.395 28.5338
244.584 29.5686
244.734 29.7402
244.62 29.656
244.663 30.1779
245.067 30.691
244.922 29.7796
245.058 29.4015
245.142 29.7328
245.246 29.209
245.309 29.2206
245.504 29.5327
245.631 30.2337
245.669 29.826
245.645 29.5284
245.75 29.6126
245.766 28.9782
245.866 29.2402
245.95 29.1647
246.06 29.3178
246.04 28.9109
246.177 28.8267
246.251 29.0446
246.265 28.6283
246.456 28.9447
246.668 28.2656
246.453 27.925
246.308 27.4645
246.459 27.5844
246.288 26.916
246.294 26.7213
246.057 26.1765
245.849 26.0082
245.541 25.3869
245.403 24.7829
245.127 24.1611
245.103 23.7591
244.276 22.654
244.039 22.0658
242.875 17.6495
241.395 16.022
240.576 15.6759
240.53 15.7906
238.959 15.3322
238.341 14.9365
238.172 14.5026
237.752 14.2492
235.749 14.9913
235.731 15.4155
235.054 15.5653
235.135 15.745
235.105 15.8879
235.17 16.0906
234.855 16.1626
234.759 16.2948
233.667 16.368
233.969 16.6768
233.415 16.5067
233.313 16.7835
233 16.5924
232.433 16.4563
NA NA
199.421 53.2996
199.072 51.5903
199.068 50.8329
197.806 50.9906
197.117 52.5938
197.096 52.8815
197.046 53.2141
196.776 53.8847
196.585 53.1633
196.062 55.1173
195.812 55.1237
194.88 56.4993
194.882 53.5447
NA NA
194.882 53.5447
200.663 48.5824
200.79 48.5816
214.242 60.3282
NA NA
224.674 70.8389
224.503 71.1732
224.457 71.2044
223.587 71.6905
NA NA
223.241 71.615
223.587 71.6905
NA NA
223.241 71.615
223.849 71.3531
223.744 71.3444
222.705 71.5329
NA NA
222.705 71.5329
221.093 71.18
220.993 71.19
NA NA
211.601 67.8444
212.179 67.9107
213.114 68.4554
213.376 68.4091
214.026 68.6906
214.915 68.9126
215.712 69.1683
216.012 69.1732
216.543 69.5087
216.148 69.046
215.783 68.9833
214.928 68.5182
216.252 69.0344
215.757 68.3686
215.716 67.5942
215.771 67.3936
215.631 67.2473
215.701 66.9011
215.88 66.9588
215.556 66.3065
215.518 65.8887
214.925 65.0711
215.219 65.1504
213.18 62.247
214.529 63.7325
214.359 63.3061
213.961 62.1572
214.411 62.801
214.387 62.6472
214.234 62.0138
213.938 61.5689
213.897 61.4831
213.808 61.0612
214.213 61.4194
214.718 62.3402
214.982 62.3883
215.295 62.7048
215.03 62.9166
215.508 63.536
214.908 63.1359
215.322 64.3323
216.023 65.699
216.03 65.2838
216.523 66.5739
216.904 67.5006
216.629 67.3689
216.47 67.8395
216.839 67.9704
217.126 67.8924
217.196 68.1704
217.472 68.4788
216.754 68.4833
217.103 68.6394
216.657 68.8561
217.661 69.5205
217.827 69.3817
218.233 69.7264
218.289 69.6067
218.748 69.9461
218.605 70.0803
219.468 70.3817
219.285 70.4884
219.887 70.694
219.513 70.6343
219.612 70.7438
220.426 71.0014
220.993 71.19
NA NA
211.037 66.105
210.908 66.7552
208.942 66.5422
208.807 66.5001
209.588 67.2328
211.601 67.8444
NA NA
199.421 53.2996
201.093 54.6601
200.654 55.4381
200.661 55.7867
208.811 64.198
NA NA
242.799 53.097
242.527 53.5895
242.273 53.4943
241.593 54.9723
241.495 55.0445
241.383 55.2948
241.95 54.5897
242.18 54.3421
242.799 53.097
NA NA
223.075 29.2096
223.122 26.8335
223.557 25.004
NA NA
223.557 25.004
224.506 24.9311
224.851 24.9121
227.368 26.1498
NA NA
227.368 26.1498
239.459 34.3701
239.822 34.5166
239.71 34.0993
240.726 34.2863
242.347 36.0445
NA NA
242.347 36.0445
242.847 37.9761
243.134 39.2231
242.814 39.8587
242.594 40.6276
241.977 43.183
242.549 44.1316
242.787 43.4082
243.119 43.7663
243.175 45.3847
242.99 46.3565
243.368 46.5993
243.34 48.8248
244.148 47.8023
244.548 46.6072
244.562 45.8148
244.521 45.6632
244.463 44.6133
244.155 43.6875
244.394 43.642
244.633 46.3844
244.378 48.8212
244.308 48.4613
243.069 51.6858
242.289 53.0414
242.759 50.246
242.647 49.9872
241.521 53.3285
241.234 54.316
240.902 54.5833
NA NA
240.902 54.5833
240.963 52.2282
240.539 52.0507
240.487 51.7519
239.901 47.7032
236.469 44.7287
NA NA
243.685 52.1194
243.885 51.3109
243.907 51.6055
243.921 51.6118
243.272 52.9313
243.685 52.1194
NA NA
159.332 14.7349
161.312 13.749
161.874 13.4349
161.618 13.8264
162.391 13.5634
162.491 13.4327
162.882 13.4408
163.232 13.292
162.696 13.7219
162.512 13.8317
162.869 13.8343
163.672 13.4596
164.263 13.1145
166.877 12.8228
167.765 12.6858
170.953 13.0442
172.673 13.4008
172.784 13.1316
174.453 13.285
176.034 13.3195
175.112 13.0222
174.877 12.9739
175.061 12.6661
174.507 12.5296
172.846 12.5502
171.538 12.4387
170.828 12.3847
169.299 12.0705
169.566 11.4136
168.16 11.5968
167.813 11.6644
165.134 11.8236
163.088 12.3703
162.496 12.3374
161.772 12.2459
160.216 12.3217
158.873 11.737
157.191 11.6042
156.056 11.8018
156.373 11.6338
156.133 11.6622
154.846 12.1088
155.138 11.7723
155.574 11.565
156.114 11.3282
157.411 10.8872
158.332 10.7473
158.33 10.6539
156.401 10.7964
152.863 11.8509
151.642 12.131
149.082 12.6228
146.637 13.5435
NA NA
159.332 14.7349
158.545 14.5271
158.717 14.2856
157.929 14.3172
157.93 14.1713
157.882 13.7739
156.199 13.6058
156.285 13.4904
156.252 13.4831
154.02 13.4301
152.718 13.4082
147.579 13.8146
147.401 13.6073
146.637 13.5435
NA NA
170.217 36.5125
171.619 37.2041
173.297 37.3773
177.234 37.2996
NA NA
177.234 37.2996
178.319 35.9273
178.796 35.2335
179.848 32.6935
181.192 30.3728
181.924 26.8013
182.166 27.0108
182.061 27.689
182.395 26.4204
182.535 23.5618
181.011 17.8162
180.404 17.247
179.445 16.9426
178.221 17.0043
177.28 17.4688
176.317 17.95
175.4 17.5744
175.307 17.3285
175.85 16.8325
176.9 16.6495
177.326 16.2996
177.96 16.1562
177.988 15.4618
177.47 15.1025
177.767 15.0264
178.179 15.0369
177.344 14.4426
175.476 14.2362
175.325 14.253
175.243 14.2212
175.127 14.0977
173.093 13.6627
171.165 13.4238
171.451 13.5261
170.983 13.62
170.583 13.9562
171.929 14.3371
171.222 14.4316
168.71 14.6902
169.091 15.9784
168.459 16.4802
168.58 15.6789
168.188 16.4223
167.903 15.2719
167.75 14.7704
166.317 15.4793
164.531 15.7023
164.485 16.3034
163.903 16.5292
164.042 17.4285
163.319 18.1352
163.511 18.7444
163.041 19.457
163.236 20.6761
164.201 23.4404
164.98 28.2796
164.822 28.4076
164.774 29.5096
164.164 33.1891
163.584 35.6625
NA NA
122.282 28.488
122.354 22.5408
121.865 22.4197
121.578 22.0158
122.104 21.513
122.408 20.9447
NA NA
122.408 20.9447
122.635 19.6876
122.486 18.7431
123.053 17.4558
123.102 16.7628
123.201 15.2152
123.206 15.1668
122.344 14.248
122.574 13.4243
122.819 13.0169
122.626 12.4109
NA NA
140.642 13.8869
144.11 12.2633
146.027 11.4748
151.06 10.5048
149.585 10.5939
149.338 10.6306
147.983 10.419
146.783 10.4345
145.793 10.3922
145.364 10.1936
143.593 10.6017
142.611 10.4927
142.286 10.3662
141.463 10.2791
141.405 10.1345
139.976 10.1625
139.817 10.3595
139.482 10.446
139.259 10.1531
138.337 10.195
138.67 9.98409
136.559 10.1008
134.084 10.7427
134.052 10.5858
132.692 10.6708
130.918 10.7739
130.909 9.58942
129.76 9.71774
129.395 10.5983
122.626 12.4109
NA NA
140.642 13.8869
139.891 14.0456
140.497 15.2876
139.028 15.342
138.682 16.1098
139.532 16.6021
139.733 17.2385
139.081 18.6097
137.023 23.9515
136.711 24.514
137.3 24.2526
137.968 24.0525
138.233 24.2696
138.15 24.9881
138.475 25.5577
138.884 26.3455
138.685 27.7069
NA NA
155.2 88.6218
154.928 88.7559
154.709 88.4265
154.28 88.4672
153.888 87.9496
153.985 88.1492
152.797 88.2345
152.595 87.7422
152.438 87.9003
152.276 89.2014
NA NA
147.159 72.7325
152.019 71.3425
152.469 71.2919
153.789 71.5536
NA NA
149.295 66.4683
149.491 65.9656
149.251 65.674
149.605 65.6929
149.451 65.467
149.524 65.4363
149.622 65.4673
149.568 65.0042
149.611 64.8893
149.778 65.1922
150.015 65.1432
NA NA
129.785 57.8415
129.877 58.6081
130.064 59.6573
NA NA
124.403 40.124
124.321 40.786
124.501 40.7041
124.778 41.1817
NA NA
104.714 13.6496
104.551 17.7553
104.547 17.9455
104.542 21.5404
NA NA
104.542 21.5404
104.556 21.6924
104.493 23.2668
104.428 23.7462
NA NA
104.428 23.7462
101.914 23.9121
101.765 23.9217
97.3569 24.2374
96.5673 24.3225
86.3562 25.7118
86.3523 26.7769
NA NA
104.714 13.6496
97.4743 13.8846
96.9916 13.8933
91.844 13.8942
91.2967 13.8695
72.8657 13.4888
NA NA
121.841 31.4143
120.851 31.4459
120.383 30.8038
119.083 30.7451
119.003 30.7953
118.913 30.8155
118.329 30.9474
117.967 31.2876
116.996 30.7129
105.097 29.2475
NA NA
107.411 35.7797
106.373 32.8768
105.097 29.2475
NA NA
66.2044 36.9756
58.0989 37.4203
55.1914 37.8035
NA NA
75.4074 35.6221
75.3932 43.4487
75.9356 45.7418
77.1577 50.7279
NA NA
227.368 26.1498
226.657 24.8073
226.453 23.6177
226.398 21.4702
227.559 19.423
228.239 18.3865
230.288 18.0321
230.958 17.6783
230.644 17.1503
231.036 16.7132
NA NA
232.433 16.4563
231.896 16.3943
231.594 16.2705
231.437 16.3004
231.328 16.3689
231.036 16.7132
NA NA
242.347 36.0445
242.427 34.9705
242.191 34.2978
NA NA
212.696 32.45
220.441 38.9802
227.561 47.585
228.429 51.3844
NA NA
228.429 51.3844
228.424 54.7913
228.929 59.6941
NA NA
226.21 60.3488
226.278 58.8889
226.295 58.4831
228.929 59.6941
NA NA
226.21 60.3488
231.139 64.1569
231.097 63.5579
231.49 65.2164
230.827 66.8329
230.758 66.2634
229.511 67.7048
228.843 68.0068
228.189 68.5307
227.493 68.6467
225.881 69.6328
225.091 69.7329
224.987 69.0882
222.625 67.9568
219.019 65.6162
217.724 64.0893
217.218 63.1298
NA NA
212.696 32.45
211.461 38.2248
212.226 40.4388
212.324 43.2067
213.375 45.9735
214.45 47.5773
215.093 49.2472
222.218 61.0346
220.488 62.0695
217.935 62.6365
NA NA
107.716 57.7297
107.418 59.6344
NA NA
107.418 59.6344
107.33 59.6799
104.701 79.7437
97.4984 80.5134
97.2026 81.2244
97.7644 82.435
NA NA
97.7644 82.435
93.3042 83.7004
93.2351 84.1647
93.0334 85.4364
91.5152 86.0302
NA NA
229.51 55.6494
229.56 58.884
229.792 59.4816
229.51 55.6494
NA NA
222.832 16.3621
214.697 16.638
214.133 16.5679
212.519 17.1092
210.443 18.0898
209.063 18.4518
206.969 19.0697
207.655 19.5675
208.067 19.2015
208.447 19.2973
208.011 19.4767
208.345 19.7001
207.358 19.9292
207.884 20.316
207.417 20.9558
206.523 21.0171
205.76 21.7937
205.669 21.9129
205.598 22.0487
204.756 22.8389
202.62 25.0636
201.789 25.0093
200.584 24.3175
198 24.4704
197.039 27.8715
196.983 29.7059
197.38 30.0892
197.609 31.4108
196.338 32.9218
193.571 33.4922
NA NA
222.832 16.3621
221.854 18.2075
221.854 19.0591
221.379 19.324
222.162 20.1314
222.176 20.2112
222.166 20.6677
222.338 20.6873
222.802 20.8615
223.557 25.004
NA NA
230.28 49.9172
230.142 54.0571
230.704 56.0247
229.304 54.0918
228.429 51.3844
NA NA
212.696 32.45
212.135 32.0065
211.315 31.3829
211.279 29.7852
211.083 28.6767
210.942 28.6909
210.733 28.0774
194.136 35.0076
193.571 33.4922
NA NA
226.21 60.3488
228.751 60.9534
229.571 61.0684
228.929 59.6941
226.554 58.4229
226.21 60.3488
NA NA
237.195 58.9846
237.167 59.2647
236.958 58.7481
237.325 57.3509
237.52 57.0622
237.31 56.904
236.767 58.2957
235.286 57.0874
234.907 56.6156
234.596 57.2151
232.762 55.2301
232.496 55.2551
231.788 56.3625
231.264 57.7897
230.427 59.4322
230.33 61.0807
231.04 61.9138
231.406 61.6343
231.653 61.6367
232.403 62.438
236.828 59.5543
235.125 62.1456
238.552 58.0622
237.529 58.3976
237.195 58.9846
NA NA
221.42 74.7921
221.658 74.7563
NA NA
221.42 74.7921
221.529 76.2896
221.966 76.7124
222.02 76.7145
221.924 76.3032
221.658 74.7563
NA NA
180.658 72.4178
184.883 72.3067
186.261 72.6519
186.67 72.8366
193.953 74.1335
193.434 74.5898
194.75 74.5036
195.789 75.2147
195.632 75.5944
200.044 75.6022
209.573 80.4776
NA NA
173.86 70.4425
174.348 69.8868
175.776 70.0791
176.118 69.8
178.012 69.6756
179.36 69.1395
180.464 68.1626
180.487 67.8818
180.583 67.8281
181.741 67.4504
182.499 67.9174
184.161 67.5357
185.64 67.6016
187.123 66.2626
187.925 66.094
187.818 65.8336
188.737 64.8035
NA NA
220.346 74.9734
208.319 71.6512
203.988 69.4131
202.621 68.681
188.737 64.8035
NA NA
220.346 74.9734
220.08 75.1104
220.733 75.1827
221.314 76.1967
219.992 75.5165
220.194 75.9422
218.255 75.6743
218.959 76.0884
218.356 76.074
218.069 76.0807
217.577 75.9345
217.669 76.1184
216.597 75.8992
216.898 76.0456
216.49 75.9601
216.22 76.0392
215.38 75.6758
214.908 75.1448
214.549 74.9878
214.876 75.2789
215.383 75.8286
215.663 75.9962
216.87 76.3068
219.076 76.6179
218.894 76.8296
218.923 77.0163
219.018 77.1479
218.566 77.0746
219.225 77.1727
219.858 76.7139
220.677 76.5906
221.16 76.9031
220.835 77.0932
220.755 77.3041
220.19 77.3557
219.311 77.5488
218.866 77.7079
217.83 77.4206
217.626 77.3971
217.513 77.2543
217.166 77.2924
216.941 77.0305
217.212 77.0001
217 76.9359
216.406 76.8464
216.84 77.1694
216.739 77.1831
216.547 77.0777
216.015 76.8903
214.94 76.4777
216.32 77.1266
216.805 77.3813
216.915 77.3575
217.424 77.5349
217.299 77.6287
217.397 77.7124
217.142 77.7149
217.211 77.804
217.416 77.839
216.676 78.0986
215.278 77.3508
215.253 77.4926
216.523 78.1976
217.019 78.2169
217.235 78.3509
217.276 78.2426
217.508 78.348
217.474 78.1804
217.653 78.24
217.742 78.1147
217.88 78.1554
217.894 78.3696
218.057 78.3879
218.203 78.289
218.475 78.3864
217.857 78.8296
217.6 78.7473
217.459 78.7951
217.059 78.6358
217.165 78.7409
215.78 78.8276
215.363 78.5418
215.426 78.6992
215.213 79.0153
214.747 78.9586
214.782 78.8238
214.383 78.4191
214.476 78.6623
214.539 78.8353
214.76 79.0566
213.9 79.4312
213.223 80.7847
213.084 80.3542
212.509 80.9364
211.625 80.9263
209.573 80.4776
NA NA
220.667 74.9055
221.103 74.8398
221.169 74.8411
NA NA
220.667 74.9055
220.741 75.0013
220.946 74.9849
221.169 74.8411
NA NA
104.714 13.6496
114.546 13.1112
122.626 12.4109
NA NA
104.542 21.5404
115.094 21.7019
118.872 21.3571
120.592 21.1919
122.408 20.9447
NA NA
183.265 58.8244
184.803 58.4529
185.052 57.3833
185.433 57.3
185.104 56.2367
185.752 55.4664
186.502 56.0819
186.623 56.2597
187.233 56.1735
186.738 55.5049
187.085 55.497
187.425 54.9492
187.943 54.945
188.229 54.5834
188.402 54.7101
188.576 54.9134
189.398 54.3228
189.491 53.8796
189.973 50.9825
189.64 47.9766
190.311 46.7177
NA NA
190.208 33.2861
187.384 33.3233
184.696 38.3725
183.784 38.4352
182.558 37.7299
180.642 39.043
179.84 37.9914
179.66 38.0402
179.453 38.1467
179.253 38.5373
178.747 38.4171
179.874 37.4982
179.609 37.1277
179.235 37.6338
177.965 37.4611
177.061 37.795
177.234 37.2996
NA NA
190.311 46.7177
190.982 40.6101
190.208 33.2861
NA NA
107.418 59.6344
112.867 57.367
112.153 65.9119
112.477 66.3442
112.755 66.5706
112.98 66.4491
113.164 66.4671
113.305 66.2801
113.567 66.7565
113.582 67.1008
113.939 67.1234
114.656 67.1009
115.586 67.1532
116.345 66.5035
117.249 66.2146
117.152 66.5231
117.345 66.5159
117.318 66.7229
118.756 65.8697
119.349 65.7925
119.495 65.9025
119.607 65.9316
120.911 65.5637
121.014 65.7046
121.27 65.9459
121.651 65.6987
122.193 65.7779
122.523 65.5486
122.991 65.5552
123.415 65.8935
124.738 66.4004
125.957 66.6206
126.422 66.942
128.262 68.3916
129.453 68.8267
129.875 69.1342
130.534 69.3268
130.874 69.7011
131.394 70.1383
131.628 69.9888
132.596 70.9679
133.974 72.1642
134.116 72.1858
NA NA
22.429 44.5729
20.701 43.8196
21.0284 42.7882
20.2085 42.392
20.7391 41.6405
21.8506 40.3232
20.5617 37.7033
20.414 37.5607
19.3584 33.3346
19.0469 32.7439
19.5361 32.9794
19.0658 32.01
18.6839 29.9637
18.8599 29.3895
18.5208 28.6034
19.2863 28.8708
19.196 28.633
19.5577 28.7751
19.9631 28.5335
20.2843 28.4935
NA NA
69.6217 25.1241
63.171 28.1589
60.1873 29.6698
59.8589 29.6717
57.1105 30.6533
56.5328 30.6421
54.5514 31.4974
53.5134 31.5618
51.7153 32.0004
49.3267 33.1354
38.5766 34.0081
35.6742 32.31
26.551 29.0276
22.8853 28.5921
20.7207 28.8214
20.2843 28.4935
NA NA
190.311 46.7177
190.573 53.3817
190.713 54.3482
194.882 53.5447
NA NA
193.571 33.4922
192.515 33.5494
192.35 33.4368
190.208 33.2861
NA NA
238.586 56.2514
238.728 56.7183
239.751 56.0849
240.075 55.3906
240.15 54.5796
240.245 53.8107
240.386 53.7438
240.251 55.4527
240.434 55.5051
240.561 55.036
240.638 55.1897
240.902 54.5833
NA NA
196.982 82.5669
197.122 82.345
198.036 82.4053
197.282 82.1896
195.45 81.3599
197.844 82.2176
197.783 82.0215
197.328 81.8235
199.354 82.3488
199.813 82.3514
202.295 82.6668
203.139 82.639
203.223 82.6276
202.744 82.2882
203.755 82.6379
204.621 82.0997
205.97 81.8865
205.857 81.7502
204.985 81.3639
205.5 81.5802
207.284 81.4677
209.573 80.4776
NA NA
105.097 29.2475
104.66 27.2243
104.495 26.5457
104.428 23.7462
NA NA
176.791 64.0311
181.793 64.8916
184.421 65.2015
188.737 64.8035
NA NA
140.506 90.6291
138.966 91.6197
138.293 92.4329
139.165 91.0117
138.629 90.9599
138.553 88.6127
138.057 89.9026
137.519 89.5489
137.592 91.7776
137.877 91.915
137.389 93.543
137.083 93.5761
135.425 94.819
134.594 95.2524
135.001 95.1829
128.901 95.8607
127.571 95.8184
129.934 95.8259
127.735 95.5516
127.917 95.5448
127.748 95.5018
127.573 95.322
127.342 95.1985
127.239 95.335
126.833 95.0572
127.145 95.3453
126.943 95.2923
126.826 95.1717
126.683 95.1572
126.106 94.8162
126.403 95.1965
126.892 95.4166
126.847 95.5153
127.109 95.5439
127.215 95.7147
126.486 95.6805
125.897 95.2651
126.075 95.4862
125.861 95.4068
126.313 95.8352
125.916 95.8861
125.784 95.6691
125.754 95.7764
125.552 95.8196
125.369 95.7024
124.989 95.7052
124.839 95.9308
125.516 96.733
125.01 96.8109
123.219 96.5996
124.485 97.0366
124.49 97.3298
124.886 97.3414
123.529 97.9568
123.41 97.9155
123.496 97.8249
122.702 97.9002
122.033 97.7385
122.385 97.9081
122.074 97.923
123.848 98.0102
123.559 98.3065
123.184 98.4421
123.951 99.0069
124.194 99.2074
124.718 99.5759
124.889 99.7395
125.047 100.035
125.291 99.9984
125.198 100.13
125.326 100.254
125.498 100.252
125.515 100.149
125.506 100.341
124.219 100.43
123.156 100.213
120.491 100.218
117.674 99.2036
116.956 98.9693
115.983 98.7238
115.49 98.0611
114.664 97.3793
114.582 97.1507
114.291 96.7871
114.065 96.1955
113.049 95.5875
112.072 94.6279
111.256 93.8257
110.502 92.7288
109.262 90.2484
108.939 89.7894
108.634 89.2231
108.068 88.8386
108.08 88.4548
107.976 88.5452
107.907 88.3392
107.793 87.9999
107.657 87.9384
106.531 87.9276
105.98 87.6182
105.863 87.9501
105.342 88.0455
104.832 89.2921
104.826 89.7009
104.592 89.8394
104.311 90.3823
103.75 90.3208
103.497 90.0019
103.174 89.9312
102.899 89.6743
102.59 89.5946
101.447 88.7804
101.17 88.0194
101.178 87.1631
100.992 86.5318
100.941 85.9488
100.258 85.411
99.4322 84.4427
98.9964 84.3033
98.7097 82.5378
97.7644 82.435
NA NA
86.6144 33.3719
87.2974 37.7193
90.4717 38.0137
NA NA
222.832 16.3621
226.729 16.1335
231.036 16.7132
NA NA
222.705 71.5329
221.5 71.9583
221.185 71.9311
221.134 72.6282
220.798 72.2118
220.808 72.2048
220.493 71.7697
220.292 71.1985
220.741 71.3502
220.744 71.202
220.993 71.19
NA NA
223.241 71.615
222.723 71.7599
222.759 71.7907
223.587 71.6905
NA NA
211.601 67.8444
212.9 68.5077
215.161 69.1362
215.746 69.4217
217.486 70.078
217.158 70.0345
216.897 69.9398
217.225 70.3176
215.65 69.8068
212.377 68.5944
215.582 69.9398
217.446 70.4944
216.409 70.2196
218.38 71.0817
218.017 71.1255
216.556 70.5608
216.552 70.8214
216.185 70.8039
216.398 70.9303
217.151 71.0188
216.233 71.022
213.058 69.6239
213.085 69.9064
217.98 72.0366
218.63 72.6177
216.993 73.0095
214.438 71.8073
214.017 71.0953
212.375 70.8055
211.899 70.5163
211.118 70.7119
212.786 71.1679
213.163 71.8046
214.997 72.6913
215.764 73.5633
217.994 73.5538
220.348 73.7186
221.206 73.7012
221.658 74.7563
NA NA
221.169 74.8411
221.068 74.6441
221.19 74.5919
221.42 74.7921
NA NA
220.667 74.9055
220.5 74.8817
220.346 74.9734
NA NA
199.421 53.2996
198.972 55.9418
197.331 53.8158
197.12 56.1436
197.216 56.4588
196.517 57.1815
196.463 58.0453
196.055 57.6228
195.284 59.3838
194.763 59.0841
194.433 58.6273
194.253 59.4052
193.856 60.4326
193.828 60.5071
192.921 61.3749
193.161 61.6714
192.8 61.7836
192.933 61.8986
192.568 62.2178
192.302 62.0665
191.44 62.4332
191.347 62.295
191.007 62.3987
191.177 62.5484
190.029 62.8361
189.489 62.4937
188.423 62.455
186.268 61.673
186.03 61.3048
NA NA
27.332 12.0104
27.038 12.6107
26.0601 13.0402
25.8447 13.1246
26.7609 12.035
27.332 12.0104
NA NA
28.5074 12.3123
30.1548 11.6122
29.7329 11.2966
28.3201 11.949
28.5074 12.3123
NA NA
31.5616 10.4806
30.2747 10.703
30.4678 10.8363
28.6043 11.3381
28.7919 11.0956
30.2137 10.4052
32.5857 10.0043
31.5616 10.4806
NA NA
29.52 13.2379
29.022 12.9749
32.4688 11.1053
37.6339 10.7996
29.8667 12.8215
34.2339 12.3982
35.5802 13.7861
36.656 13.6751
36.8083 13.1065
42.8089 13.3048
43.4082 15.6079
39.8155 15.0718
35.9651 15.2567
32.5996 13.2873
29.52 13.2379
NA NA
69.8282 12.1738
50.2039 7.19672
33.6612 8.82926
34.2662 8.88051
33.3332 9.16568
35.8153 9.27869
40.7064 8.54974
40.7168 8.882
38.6117 9.8871
32.6294 10.668
34.5255 10.6708
38.5738 10.2429
42.4172 10.4436
43.7124 12.4458
48.2082 13.6648
42.7244 20.0478
42.2841 22.6083
43.4587 23.2635
41.3178 24.0969
44.151 26.0958
40.8112 26.6673
39.5323 26.7562
36.9147 26.4091
33.5788 27.2945
30.5306 26.8925
30.1031 26.9427
29.181 26.8604
29.1872 27.063
28.1836 26.8336
26.9961 26.7303
27.1988 26.5258
25.5163 26.368
26.5005 26.2001
24.3578 25.7942
25.0914 25.7618
26.8205 25.9237
28.1841 25.2764
30.8149 26.7431
31.4847 26.5075
30.0732 25.9557
32.6071 25.9336
32.0918 26.3506
35.4551 26.4602
35.9941 24.2212
28.7767 23.8366
29.3176 22.982
31.981 22.8813
29.7375 21.0779
33.2117 21.4542
38.1611 20.5159
33.6361 16.7218
31.4901 16.1934
33.2279 18.0128
30.6186 18.7177
26.5513 22.1448
24.7603 22.1668
22.3572 23.6519
25.3757 24.3802
26.4232 24.6464
21.8584 23.8815
21.8391 22.8404
23.4786 21.5836
24.3948 19.5467
25.4751 19.7222
25.6474 20.6295
29.3952 17.4371
29.7862 14.72
28.8762 14.0112
28.1828 14.844
26.8303 15.3162
27.9653 14.3381
26.4 14.7803
26.3151 15.4553
25.0032 16.4923
25.1872 15.8499
23.3613 16.3206
23.1205 16.3359
21.9862 16.9982
18.3014 18.1641
17.6458 17.3576
17.6766 17.5666
17.548 18.1224
17.3963 19.3409
17.5782 19.9843
17.7991 23.0136
18.149 25.2923
18.301 25.084
19.1478 25.6679
18.5829 25.9891
18.2844 25.7128
18.4343 26.4638
18.7708 26.4176
19.1805 26.5251
18.7644 26.7359
19.0274 27.0794
18.9305 27.5018
18.5902 27.8594
18.449 26.7184
18.3079 28.1607
18.8378 28.3151
19.3162 28.2321
20.6517 28.4402
20.2843 28.4935
NA NA
146.637 13.5435
145.665 13.539
144.995 13.7448
145.423 13.2869
145.793 12.7932
145.398 12.769
145.29 12.8034
142.498 13.8896
141.133 13.9396
140.782 14.0241
140.642 13.8869
NA NA
159.726 25.3568
160.118 24.0456
159.439 21.8427
159.864 20.2166
160.268 19.3655
160.11 18.6017
160.752 17.8508
160.642 16.7546
161.412 15.1024
161.46 14.929
161.481 14.8806
161.631 14.7584
161.406 14.6576
161.249 14.8241
160.912 14.8262
160.616 15.6411
159.923 15.5262
159.484 15.6772
158.05 16.507
156.971 16.5412
158.541 15.0976
159.323 15.0017
159.332 14.7349
