162.452335791879 81.1495395827459
163.344259773339 81.3257298563493
163.681208833001 79.8574493354785
164.077619491428 80.2685686633764
164.057798958506 80.4447654540974
163.998337359742 80.7579911589216
164.493824290588 81.5802363318351
163.760490964687 81.6389685954087
164.929876014857 81.6193911742175
165.663235732946 81.2278492675108
NA NA
162.452335791879 81.1495395827459
162.155054190247 76.0986561550585
162.630746980359 72.3594273615947
162.76946431862 71.3414144938866
163.423568297212 65.8206859918452
163.146080836313 65.4878567973594
NA NA
163.146080836313 65.4878567973594
166.555159714405 65.4682924104033
172.065162297782 65.5466020951682
NA NA
172.065162297782 65.5466020951682
173.670599072222 73.0250466478608
174.265188667674 74.2779755356283
174.265188667674 74.6695239594526
174.423752931045 74.9240174007032
174.344470799359 74.9436078561296
174.285009200595 75.0414949620857
173.967907066042 75.3155658245275
173.690419605143 76.1769528055882
173.90841907509 77.0383463037666
173.74985481172 78.1738236986219
174.126444937225 79.1526752068299
NA NA
165.663235732946 81.2278492675108
165.881235202893 80.9929202132162
165.663235732946 80.6992654124656
165.801979463395 80.2489977593028
165.663235732946 80.1315267150379
165.564133068339 80.0923783897731
165.147928269179 79.6812590618751
165.167722409913 79.113526881565
174.126444937225 79.1526752068299
NA NA
71.6560580105588 65.4095601468297
71.7948017410081 64.509011806269
71.4380321484243 62.7666473887211
71.3190825587087 62.198915208411
71.3190825587087 62.0031409964989
71.239826819211 61.8465216269692
71.6362110854498 61.5724507645273
72.4884940010667 61.5920281857185
72.7857756026989 61.9052538905428
73.1623921203917 61.9835635753077
73.5785969195518 61.5920281857185
73.7173406500011 58.6554671439769
NA NA
91.0203755762517 58.6554671439769
83.3697818295593 58.6554671439769
83.1319354345035 58.6358897227857
73.7173406500011 58.6554671439769
NA NA
91.0203755762517 58.6554671439769
90.9609139774877 69.6577823399124
90.9609139774877 77.9388946443273
NA NA
71.3190825587087 73.2208078255378
71.0614420229191 73.964749830804
79.643574424726 76.6076495546774
83.8256540867498 77.9193237402536
88.9987076104644 77.9584720655185
90.3464774569267 77.9388946443273
90.9609139774877 77.9388946443273
NA NA
71.6560580105588 65.4095601468297
71.953339612191 66.0360245907134
72.567776132752 67.288966512716
73.4002121232599 67.9937406413646
72.2308270730895 68.8355567183517
71.9929806780337 69.148782423176
72.0524422767976 69.8144017094422
72.0326217438763 70.1472178696928
71.3389294838177 70.9303016831063
71.4776732142669 71.4001467574603
71.4380321484243 72.026611201344
71.9929806780337 72.1636661839177
72.2110065401682 72.5356111180804
71.953339612191 73.1229337538169
71.3190825587087 73.2208078255378
NA NA
142.869992364052 72.1832305708737
142.73127502579 70.2646823968401
142.513222771468 70.3038372392225
142.255582235678 70.2646823968401
142.215941169836 70.3429790473698
142.136659038151 70.3038372392225
141.779889445567 70.3429790473698
141.324043580564 70.0297533425455
NA NA
141.324043580564 70.0297533425455
141.462760918826 65.527024673977
141.52222251759 64.1174764166798
140.887991856295 60.3195218767599
NA NA
157.854077722883 62.0422958388813
157.001821199454 62.0422958388813
155.852230290017 62.0618732600725
155.574742829118 62.0422958388813
156.645025214682 60.8676766358787
156.109897217994 60.3195218767599
154.900844709793 60.3195218767599
152.918844202037 60.3390992979511
140.887991856295 60.3195218767599
NA NA
157.854077722883 62.0422958388813
158.052256659909 62.3555345779408
157.794616124119 62.4729860708529
157.477487597378 62.8645344946772
157.100897471873 63.119040970163
157.338743866929 63.2756603396927
157.021641732375 63.7063505716643
156.645025214682 64.0587441531062
156.585590008106 63.862969941194
156.228820415522 64.1566182248271
156.506281484233 64.1174764166798
156.664845747604 64.9984343018142
155.911691888781 65.4878567973594
NA NA
152.760306330854 72.3202725192122
152.938664734958 72.0461886225352
152.839562070351 71.8112726024758
153.27561379462 71.4393015998427
153.077408465407 71.4393015998427
152.859382603273 71.086921052636
153.097228998328 70.7932597347678
152.780100471587 70.8519919983414
152.918844202037 70.5974855228556
152.621536208217 70.6953726288117
152.680997806981 70.2842467837962
152.81974153743 70.1276274142665
152.780100471587 69.8339791306334
153.196305270747 69.9318662365895
152.958485267879 69.6773597611037
153.235972728778 69.4424437410442
153.235972728778 69.0313178960287
153.176511130014 68.9530082112638
153.394536992148 68.9530082112638
153.612562854283 68.7572470335869
153.493613264567 68.3657116439977
154.008947120522 68.3657116439977
153.790921258387 68.1895018190416
154.326075647263 67.8762761142173
154.28643458142 67.660924481114
154.88105056906 67.4455858822458
154.960332700745 66.5841923840674
155.17835856288 66.6037698052587
155.039588440243 66.3884181721553
155.336896434063 66.2513762238168
155.89187135586 65.8402503788013
155.911691888781 65.4878567973594
NA NA
142.869992364052 72.1832305708737
147.448482684502 72.2615402556386
152.760306330854 72.3202725192122
NA NA
71.6560580105588 65.4095601468297
58.5746910277994 55.6210189962792
53.560228159643 52.1167257742274
53.1241500431862 51.8426418775504
53.0845089773436 41.5255103548371
NA NA
71.3190825587087 73.2208078255378
63.0937197494857 73.8864401460391
62.955002411224 73.3774271950675
63.1928224140923 73.49490475645
62.8558469622421 73.2208078255378
62.6973090910592 73.2991175103027
62.4991301540336 71.9483145508143
61.4684360499372 70.832401542915
59.4269739434163 69.5990500763388
58.8918195545405 69.7360920246773
58.6738200845936 69.5599082681915
58.4557942224591 68.8551341395429
56.2161003945373 68.5027405581011
55.7404339966132 67.8958535354085
54.5512020213338 67.386840584437
53.6593044320619 67.4259954268194
51.6177895411657 67.2693760572897
50.9637383469497 66.7408117535972
51.0232263379013 65.8206859918452
50.9637383469497 64.9005602300933
50.1511492815508 64.509011806269
50.388969284419 64.3132375943568
50.0321996918352 63.8825473623852
49.3979426383529 63.5105893939873
48.7042503782942 62.9232667582508
47.1186605289637 61.2787894466591
46.6627882717733 60.8676766358787
46.4844034754814 59.9279864871707
46.9006082746415 59.8105089257883
46.8808141339078 58.94911542761
46.2861981462681 58.7141994075505
46.0681722841336 58.7533412156978
44.8987872339632 57.8919477175195
44.7005555125623 56.9131027264291
44.5023765755367 56.5411447580311
44.5221707162704 55.9538221222947
44.7600435035139 55.8559350163386
44.9978898985698 55.895089858721
45.0176840393035 56.4628350732663
46.2861981462681 57.0697220959588
46.1870690894739 56.9131027264291
45.2357362936257 55.7384704891913
44.8789403088542 55.3469350996022
45.4339152306513 55.0141189393515
45.6519410927858 55.0336963605427
44.9780429734608 54.681315813336
44.5618117821131 54.7400480769097
44.7204024376713 55.5231318903231
44.6014792401434 55.6601608044265
43.1546067290745 55.0924286241164
42.8374782023333 55.2099061854988
42.857272343067 54.4659641802326
43.1546067290745 54.5442738649975
42.0050422118254 53.4479643467598
40.3401438386219 52.0384160894626
40.3599643715432 51.6664450868295
39.9437331801955 50.6288547979303
40.1022710513784 49.8849258268992
39.9437331801955 49.2388839618243
39.2698350608705 48.3579130424548
38.2193468160404 47.4965195442765
37.9418593551419 46.8504907134367
38.8734507946317 45.0298035768888
38.8139628036801 44.2467327977105
38.9527065341293 44.3250294482402
39.0716297316573 43.7964521103126
39.012194525081 43.091677981664
38.4968342769389 42.2107070622945
38.6356043995758 41.5450877760283
NA NA
53.0845089773436 41.5255103548371
45.1366336290191 41.5255103548371
41.9059395472188 41.5255103548371
38.6356043995758 41.5450877760283
NA NA
115.201003465263 58.6358897227857
115.201003465263 52.8606417110233
115.181182932342 48.3579130424548
NA NA
115.201003465263 58.6358897227857
113.69466935543 58.6946219863593
111.891053643965 58.6358897227857
NA NA
111.891053643965 58.6358897227857
102.496279392384 58.6946219863593
101.505252746318 58.6946219863593
91.0203755762517 58.6554671439769
NA NA
90.9807081182214 44.9906617687415
90.9609139774877 50.5701355685918
91.0203755762517 58.6554671439769
NA NA
108.244128370817 44.9515069263591
100.395329294911 44.9515069263591
90.9807081182214 44.9906617687415
NA NA
108.244128370817 44.9515069263591
115.161388791608 44.9710713133152
115.161388791608 45.8324648114935
115.181182932342 48.3579130424548
NA NA
213.965056304392 41.3884684064986
216.56149333271 41.4276362831162
219.891290079117 41.5255103548371
NA NA
219.693084749904 43.7964521103126
219.891290079117 43.5027907924444
219.891290079117 41.5255103548371
NA NA
219.693084749904 43.7964521103126
218.0281863767 44.011803743416
217.830007439675 43.9530714798423
216.442570135182 44.0901134281808
216.145262141362 44.1096778151369
215.986697877992 43.9530714798423
215.610134144674 44.285887640093
214.222723232369 44.6774230296821
213.370440316752 44.8927616285503
NA NA
213.965056304392 41.3884684064986
213.747030442258 43.9334940586511
213.965056304392 44.2271553765193
213.192055520461 44.5991263791524
213.370440316752 44.8927616285503
NA NA
207.345103877421 49.0626871711034
206.552308952756 48.9648000651473
205.997334030959 49.3171936465892
NA NA
207.345103877421 49.0626871711034
207.246001212814 49.121419434677
206.968513751916 49.4933904373101
NA NA
208.573976918543 53.6633159798631
208.415412655172 53.3109223984213
207.999181463825 53.1738804500827
208.316283598378 53.0368515359794
208.375745197142 52.8802321664497
208.573976918543 52.9781062381706
208.316283598378 52.5669934273902
208.237001466693 52.5278385850078
208.137925194274 52.5082611638166
207.78115560169 52.2145998459484
207.404565476185 51.2749096972403
206.968513751916 50.5505451131654
206.73066735686 49.8457709845168
206.968513751916 49.4933904373101
NA NA
208.573976918543 53.6633159798631
206.373924156464 53.6437255244368
206.235180426015 52.3907966366693
205.997334030959 49.3171936465892
NA NA
201.676537030673 52.4691063214342
202.092741829833 52.1754450035659
201.795433836014 51.9013741411241
201.379229036853 51.999248212845
NA NA
201.676537030673 52.4691063214342
201.636869572643 52.273332109522
201.597254898988 52.1950354589923
201.379229036853 51.999248212845
NA NA
186.097835684202 80.1119558109643
184.690604238976 79.7987170719048
184.373475712235 80.1511106533467
184.393296245156 81.3257298563493
184.254578906895 81.3453072775405
184.135655709367 81.3257298563493
183.996911978918 81.3257298563493
183.719424518019 80.7579911589216
174.641778793179 80.1119558109643
174.126444937225 79.1526752068299
NA NA
186.097835684202 80.1119558109643
186.454605276786 80.2685686633764
186.553707941393 81.2865815310844
187.643837252066 84.4972199523855
188.753760703472 86.6311262766401
188.773581236393 86.8464779097434
188.535734841338 86.7485842866698
189.665478825665 89.6459970031466
190.854710800945 92.32805808652
191.290736133026 93.3852192794929
190.914172399709 96.967828703427
190.834863875836 96.7328996491325
190.240274280384 98.0641382216648
190.319556412069 98.4361092242979
189.685299358587 98.9451091410343
189.427632430609 98.9451091410343
187.56455512038 99.101728510564
187.445631922852 98.5535672343276
188.159144715832 98.8472285521958
188.258247380439 98.5144189090627
188.079862584147 98.5339963302539
187.425811389931 98.2011866871209
186.414964210944 96.69374480675
185.423963957065 96.4392448483818
184.948271166953 94.6773095267603
184.78973329577 94.696880430834
184.492425301951 94.3444933665097
184.234731981786 93.718028922626
184.234731981786 93.0328322151686
184.393296245156 92.8762128456389
183.977091445996 92.9545225304037
183.659962919255 92.8957902668301
183.957270913075 93.4439515430665
183.402295991278 93.1698741635071
182.609501066613 91.6232839578714
182.391475204478 91.2708968935471
182.252731474029 91.0555452604438
182.550039467849 90.9772355756789
182.768065329983 90.4682291418249
183.184296521331 89.8221872767499
182.966244267009 89.5481098971905
182.748244797062 89.9004969615148
182.609501066613 89.4698002124256
182.133808276501 89.2544550964399
182.074373069925 89.6264130648378
182.371654671557 89.9592292250884
182.193269875265 90.3507711317952
181.836500282681 89.9004969615148
181.777065076105 89.9004969615148
181.697756552232 89.9396518038972
181.836500282681 89.0782583057189
182.252731474029 87.5904003636569
182.213090408186 86.4353585818455
182.351834138635 86.4353585818455
181.777065076105 85.4956553989023
180.845500028803 85.2019940810341
179.953602439531 84.2818683192822
179.676088586445 83.8316071832369
179.33916591897 83.4792201189126
179.081498990992 83.1659813798532
177.694088078688 82.2067072928364
176.584164627281 82.3045813645573
176.247215567619 82.5982426824255
176.425600363911 82.7352781136465
176.128292370091 82.7940103772201
174.542676128573 83.2638684858093
174.364291332281 83.2834393898829
173.075983084582 83.5575298036775
172.679598818343 83.4596361806039
172.699392959077 82.911481421485
172.917418821212 83.5575298036775
172.957059887054 82.9702071679411
171.807495369805 82.1675459333364
172.402111357445 82.2067072928364
171.748033771041 81.932629913277
171.748033771041 81.6977008589824
171.569648974749 81.482349225879
171.173238316323 81.6781169206736
171.411084711379 81.6389685954087
171.589469507671 82.0305039849979
171.153417783402 81.7955879649385
168.95339141351 81.0908138362899
170.142570604414 81.1103782232459
170.162417529523 80.9341944667601
168.973211946431 80.8363008436865
166.693877052667 81.2474201715845
167.30828718104 80.9341944667601
167.209210908621 80.6796814741568
166.991185046487 80.8754622031865
166.674056519746 80.5622234641271
166.634415453903 80.8950331072601
165.564133068339 81.482349225879
165.663235732946 81.2278492675108
NA NA
186.097835684202 80.1119558109643
186.335708471446 79.8966106949785
186.355529004367 79.4071816823157
186.375323145101 79.250562312786
186.375323145101 79.1526752068299
186.613169540157 78.7807042041968
186.355529004367 78.9373235737265
186.256399947573 78.5849365094022
186.494272734817 78.6436687729759
186.553707941393 78.095514013857
186.890657001055 77.9388946443273
186.910477533977 77.7627043707239
187.148323929033 77.7822817919151
187.346529258246 77.3907333680908
187.069041797347 77.3711559468996
187.346529258246 77.1753882521051
187.544708195271 77.0383463037666
187.386143931901 76.6663883353686
187.52488766235 76.5880786506038
187.861836722013 76.3923044386916
187.703272458642 76.2161141650882
188.159144715832 75.9811851107937
188.535734841338 75.7462690907342
188.396991110888 75.5896497212045
NA NA
176.524703028517 65.4878567973594
174.780522523628 65.527024673977
174.20572706891 65.5466020951682
172.065162297782 65.5466020951682
NA NA
180.726576831275 65.5074472527858
179.081498990992 65.5074472527858
177.813011276215 65.5466020951682
176.524703028517 65.4878567973594
NA NA
180.726576831275 65.5074472527858
179.834652849815 66.4862922438762
181.241884295041 67.2497986360984
181.598680279813 67.4064180056282
182.649142132455 69.0704857726463
183.798733041892 69.9514436577807
184.611348499479 70.617075978282
184.809527436504 70.7345274711941
184.750092229928 70.9303016831063
185.34468182538 71.7133854965197
186.097835684202 72.1636661839177
186.375323145101 72.5943433816541
186.613169540157 73.49490475645
187.009580198583 73.8277078824655
187.465452455774 74.434594905158
187.485272988695 75.1785369104242
188.396991110888 75.5896497212045
NA NA
63.7279504107803 27.8998598219842
64.3622074642627 28.5459016870591
65.0558997243213 28.7025210565889
65.3333871852198 29.2115209733253
64.1045669284731 31.3454207804623
63.767591476623 31.9327434161987
63.5099509408334 32.0893497514933
62.7765912227445 33.0290529344365
62.7765912227445 33.6750947995114
63.767591476623 34.0470658021445
63.6288477461737 34.5365013319249
63.3910013511179 35.4370366382505
63.3910013511179 41.5255103548371
NA NA
63.7279504107803 27.8998598219842
63.60905360544 26.9405792178498
63.3712072103842 26.5686212494519
63.3910013511179 26.4315793011134
63.3910013511179 26.0596082984803
63.4108482762268 17.6610510182709
NA NA
66.8000802292101 17.6610510182709
66.2054642415704 17.6610510182709
64.9766439848237 17.6806154052269
63.4108482762268 17.6610510182709
NA NA
66.8000802292101 17.6610510182709
66.8397212950527 21.2044860484699
67.8505684740402 22.1246118102218
67.9496711386468 22.5357376552374
68.1280559349387 22.9076956236353
67.8505684740402 23.0251601507826
69.3767231167944 23.7886665430048
70.645237223759 24.7871019895216
70.9425188253912 25.1786504133459
71.2001857533684 25.3548341698317
71.2596473521324 25.5310309605526
71.6560580105588 25.4527212757878
71.8344164146631 25.746382593656
72.7461345368563 25.7268051724648
72.4884940010667 26.1966502468188
72.3497502706175 26.960156639041
72.3299297376961 27.3125371862478
72.1119038755616 27.4495791345863
72.2704681389322 27.6453663807336
72.1317244084829 27.7628178736457
72.567776132752 28.3109726327646
71.9929806780337 28.6829436353976
72.1515449414042 29.0549146380307
71.9136985463484 29.1723661309429
71.9929806780337 29.3877177640462
72.7065198632013 29.7401113454881
72.9443398660695 29.6813790819145
73.0632630635974 29.4855918357672
73.301135850841 29.4855918357672
73.8956990541054 28.898295268501
74.5299561075877 29.2115209733253
74.490315041745 29.4464500276199
74.6885203709582 29.5247597123847
74.9065462330928 30.288266104607
75.7786232894433 31.1104917261677
75.6200590260728 31.5216175711832
76.0759312832632 31.9523078031548
76.5318035404536 31.9131659950075
76.8489320671948 32.1089271726845
77.2453427256212 33.0877851980101
77.8597792461822 33.4597562006432
78.2958045782637 32.9899111262892
79.3859074967488 33.1856723039662
79.584112825962 33.1465174615838
79.6039333588833 32.892010986098
79.9408824185458 32.7549820719946
80.1787288136017 32.9116014415243
80.3967546757362 32.8724335649067
81.4472165283787 32.9311658284804
81.9625503843331 32.8332917567595
82.5769605127064 32.8528691779507
82.4580373151785 32.5983627024649
82.8346274406836 32.1676594362582
83.3103202307954 32.4613207541264
84.0436535566967 33.0486303556277
NA NA
84.063474089618 41.5646651972195
84.063474089618 37.1402462134159
84.0238330237754 36.4158946635761
84.0436535566967 33.0486303556277
NA NA
84.063474089618 41.5646651972195
80.3967546757362 41.5450877760283
73.6975201170798 41.5450877760283
NA NA
73.6975201170798 41.5450877760283
72.8056225278079 41.5255103548371
70.1893649665686 41.5255103548371
63.3910013511179 41.5255103548371
NA NA
164.493824290588 39.8418782008629
161.124412870526 39.8418782008629
160.549617415808 39.8614556220541
159.043283305975 39.8418782008629
154.663024706925 39.8223007796717
NA NA
164.493824290588 39.8418782008629
164.533491748618 40.8990459109534
164.592926955194 41.0164974038655
164.692056011989 41.133974965248
165.42538933789 42.4456361165891
NA NA
165.42538933789 42.4456361165891
165.405568804969 50.5896999555478
165.167722409913 50.9029386946073
164.989364005809 51.3923611901525
165.445209870811 51.9796838258889
165.465030403733 52.821499902876
165.088440278227 53.0564159229355
165.068619745306 53.193457871274
164.394748018169 54.1918802835556
164.077619491428 54.2310481601732
163.899234695136 54.407231916659
164.037978425585 54.6421609709536
163.720849898844 55.1707383088812
163.522644569631 55.5427093115143
163.720849898844 55.9342447011035
NA NA
159.737001958221 58.6358897227857
160.133412616647 57.8919477175195
161.203668610024 58.0681575424756
162.174874723168 58.3422284049174
162.234336321932 57.9506930153283
162.05595152564 57.7744962246074
162.135233657326 57.3242285714446
163.502824036709 56.9522575688115
163.245157108732 56.4824124944575
163.720849898844 55.9342447011035
NA NA
151.987305546922 47.1049841546873
151.689997553102 47.8489131257183
151.888202882315 48.6711517815142
152.264766615633 49.3759259101628
153.493613264567 50.3939257436357
154.385537246027 51.059558064137
154.682845239847 52.2145998459484
155.594589754227 51.999248212845
156.46664041839 52.3907966366693
156.248640948443 52.9976836593618
156.189152957492 53.2326127136564
155.614383894961 53.9178094211138
155.594589754227 54.4855416014239
157.041435873109 55.3273576784109
156.942333208502 55.4448222055582
157.219820669401 55.6405964174704
157.437846531535 55.601441575088
158.448693710523 56.2866382825453
158.547769982942 56.6585962509433
158.884719042604 57.3437929584006
158.587437440972 57.559144591504
159.300950233952 58.6163123015945
159.340591299794 58.3422284049174
159.737001958221 58.6358897227857
NA NA
154.663024706925 39.8223007796717
155.436025490857 40.5466523295115
156.327896687941 41.2122846500128
156.228820415522 42.171552219912
155.75312762541 42.6022554861188
155.455846023778 43.0525361735167
153.850409249339 43.4440715631059
153.671998060859 43.5027907924444
153.473792731646 43.5027907924444
153.11704953125 44.0509585857984
153.473792731646 44.4425070096227
153.592742321361 45.0885488746976
153.27561379462 45.4017745795219
153.037767399564 45.969506759832
151.987305546922 46.4589422896124
152.126049277371 46.6938713439069
151.987305546922 47.1049841546873
NA NA
165.42538933789 42.4456361165891
166.198363729634 42.8176071192221
166.495671723454 42.8176071192221
167.883082635759 42.347749010633
NA NA
174.879625188235 42.5435232225451
174.760701990707 42.3085941682506
173.155265216268 42.3085941682506
171.886777501491 42.3281715894418
167.883082635759 42.347749010633
NA NA
174.80034305655 51.4119516455789
174.820163589471 47.1832938394522
174.839957730205 46.4589422896124
174.879625188235 42.5435232225451
NA NA
163.720849898844 55.9342447011035
164.137081090192 55.797202752765
164.236183754798 55.4839770479407
164.910055481936 55.6210189962792
165.048799212385 55.797202752765
165.266825074519 55.3469350996022
166.773159184352 55.8167801739562
166.971364513565 55.9342447011035
167.328134106149 55.4448222055582
167.982211692553 55.2882158702637
168.35877542587 55.5035414348967
168.636262886769 55.6601608044265
168.675903952612 55.4448222055582
168.933570880589 55.3665125207934
169.032647153008 55.0532868159691
169.151570350536 54.7596254981009
169.389443137779 54.8183577616745
169.587622074805 54.7596254981009
169.448878344356 54.7008932345272
169.567801541883 54.5442738649975
169.766006871097 54.8966674464394
170.499366589186 55.2686254148373
171.014674052952 54.9553866757779
171.490366843064 54.2310481601732
171.966059633176 53.9569512292611
172.540855087894 53.487106154907
172.699392959077 52.7627546050672
173.373291078402 52.821499902876
174.185906535989 52.5669934273902
174.780522523628 52.5669934273902
174.760701990707 52.2929095307132
174.621958260258 52.1167257742274
174.562496661494 51.7055868949768
174.80034305655 51.4119516455789
NA NA
154.663024706925 39.8223007796717
154.048588186364 39.2741460205528
153.176511130014 38.8630201755373
152.9783058008 38.4127525223745
152.81974153743 37.8450203420644
153.176511130014 37.3164430041368
152.641356741138 36.4354720847673
NA NA
151.987305546922 47.1049841546873
150.996278900856 46.2827454988914
149.371021593495 46.2827454988914
147.587226414951 46.3219003412739
146.160148044616 46.3219003412739
136.98339965517 46.3023229200827
NA NA
134.624809021907 39.939765306819
134.723911686514 40.2529910116433
135.219425009547 41.3688909853074
135.595988742865 41.7408619879405
135.814014604999 42.4064812742066
135.794194072078 42.8567489273694
135.952758335448 42.9154811909431
135.83383513792 43.091677981664
135.97257886837 43.1504102452376
136.468092191403 43.8551843738862
136.68609166135 45.0689714535064
136.586988996743 45.773745582155
136.98339965517 46.3023229200827
NA NA
134.624809021907 39.939765306819
134.030193034268 39.0392300004934
134.406783159773 38.0995268175502
134.604988488986 37.8645977632557
134.604988488986 37.6296817431962
134.20857783056 37.336020425328
134.347321561009 36.9836268438861
134.109475165953 36.4354720847673
134.644629554829 36.4550364717233
NA NA
134.644629554829 36.4550364717233
143.127659292029 36.3963172423848
144.277223809278 36.3963172423848
152.641356741138 36.4354720847673
NA NA
115.201003465263 58.6358897227857
128.81749844471 58.6554671439769
140.848350790452 58.5575800380208
NA NA
138.430272166238 48.3187712343075
128.242702989992 48.377490463646
127.430061140218 48.377490463646
115.181182932342 48.3579130424548
NA NA
140.848350790452 58.5575800380208
140.947427062871 51.2749096972403
140.075376398708 50.8637838522248
139.738400946858 50.3547839354884
139.639324674439 50.2177419871499
139.20327295017 49.9632355116641
139.65914520736 49.2388839618243
139.896965210229 49.2388839618243
139.956426808993 49.0822645922946
139.65914520736 48.6319969391318
139.143811351406 48.8277581168088
138.430272166238 48.3187712343075
NA NA
182.589680533691 53.7611900515841
182.431116270321 54.7792029192921
182.886988527511 55.4448222055582
183.005911725039 55.5622867327055
183.144629063301 55.7384704891913
184.016732511839 56.5998770216048
184.670783706055 56.7956381992818
NA NA
184.670783706055 56.7956381992818
183.144629063301 57.7744962246074
182.094167210658 58.3030865967702
181.935629339475 58.577157459212
181.598680279813 58.7141994075505
181.618500812734 58.851241355889
180.96442322633 59.1448896395221
180.726576831275 59.4777057997728
178.863473128858 60.0062831377004
NA NA
158.944180641368 60.3390992979511
163.641567767159 60.3195218767599
163.582132560582 59.7517766622146
167.030826112329 59.8692411893619
168.081287964972 59.8692411893619
176.901293154022 60.0650154012741
178.863473128858 60.0062831377004
NA NA
159.737001958221 58.6358897227857
160.034283559853 58.8903831640363
159.955001428168 59.3602412726255
159.974848353277 59.51684760792
159.955001428168 59.51684760792
159.756796098955 60.0650154012741
159.201847569345 59.8692411893619
158.944180641368 60.3390992979511
NA NA
182.589680533691 53.7611900515841
181.796885609026 53.193457871274
181.360833884757 52.6257126567287
180.409448304533 53.017261080553
179.993217113186 53.0368515359794
178.962575793465 52.8410642898321
178.44724193751 52.919373974597
178.209421934642 52.7627546050672
178.090498737114 52.6257126567287
176.841805163071 52.3712192154781
176.841805163071 52.1754450035659
176.187753968855 51.529403138491
174.80034305655 51.4119516455789
NA NA
158.448693710523 81.932629913277
157.457667064456 80.1511106533467
157.735154525355 79.1330912685211
155.951332954624 79.1330912685211
151.313407427597 79.1526752068299
151.392689559282 78.8198655636968
151.313407427597 78.2325494450779
151.610715421417 77.9976334250185
151.531433289732 77.7039721071503
151.80892075063 77.6843946859591
151.689997553102 77.312423683326
151.92781755597 77.0775076632665
151.729638618945 76.9796205573105
152.046767145686 76.8817269342368
152.324254606584 76.5880786506038
152.443177804112 76.4901915446477
152.22512554979 76.2748399115443
152.641356741138 76.2552624903531
153.037767399564 75.5700723000133
153.57292178844 75.1393690338066
152.998126333722 75.2764109821451
152.839562070351 75.0023270854681
153.473792731646 74.9631852773208
153.671998060859 74.6891013806438
153.017946866643 74.0038916389513
153.335049001197 74.0822013237161
153.295434327542 73.8864401460391
153.335049001197 73.690665934127
152.918844202037 73.6319467047885
153.176511130014 73.2991175103027
152.918844202037 73.1033563326257
153.156690597092 72.5160467311244
152.799921004509 72.6530886794629
152.760306330854 72.3202725192122
NA NA
158.448693710523 81.932629913277
156.882898001926 81.5019266470702
156.169358816758 81.1886879080108
155.376537499905 81.932629913277
155.634204427882 82.2654330392925
156.942333208502 82.3241653028661
157.398205465693 82.0109265638067
157.675692926591 82.0305039849979
158.091924117939 82.0305039849979
157.794616124119 82.3828910493222
157.477487597378 82.3828910493222
157.497308130299 82.6961297883816
158.171206249624 82.9310523255586
158.66669318047 82.2654330392925
159.201847569345 82.2850169776013
159.677540359457 82.0109265638067
159.57843769485 82.2262716797925
159.657719826536 82.363313628131
159.737001958221 82.7352781136465
159.003642240132 83.2051362222356
158.706334246312 83.6358264542072
158.547769982942 83.6162555501336
158.191000390358 83.890332929693
158.547769982942 84.5951070583416
159.182027036424 84.8300295955186
160.232488889066 85.3390360293726
160.192847823224 85.4760714605935
159.756796098955 85.7305844531969
159.7171814253 85.9263521479915
159.380232365637 85.6522747684321
158.924360108447 85.9850778944476
159.043283305975 85.8480424632266
159.162206503503 85.7305844531969
158.785616377997 85.280303765799
158.508128917099 85.143268334578
158.052256659909 84.810458691445
157.497308130299 84.810458691445
157.418025998614 84.4384876888119
156.76394841221 84.2427199940173
156.664845747604 84.7908747531362
156.803589478053 85.1041134921956
156.090076685073 85.6326908301233
155.75312762541 84.9866489650483
155.436025490857 85.2411554405341
154.960332700745 84.9083392802835
154.900844709793 85.0649586498132
154.266614048499 85.5348037241672
153.176511130014 85.2215780193429
152.938664734958 84.771297331945
152.106202352262 84.1644103092524
151.571074355574 84.1448328880612
151.571074355574 83.9099038337666
151.234125295912 83.7728618854281
151.293586894676 83.4009104341478
150.461150904168 83.4400587594126
150.480971437089 83.1855588010444
149.985458114056 83.1855588010444
149.271918928888 83.3617490746478
149.509765323944 83.5966781289424
149.727791186079 83.7728618854281
149.707970653158 83.9099038337666
148.320559740853 83.9882135185315
145.981763248324 83.2247071263093
143.583531549219 83.4596361806039
NA NA
142.869992364052 72.1832305708737
142.85017183113 75.6679594059694
143.74209581259 76.7055431777511
143.662813680905 77.1558173480314
143.940274749616 77.4103173063996
144.138506471016 77.9780494867097
144.594352336019 78.6436687729759
144.614199261128 78.9177461525353
144.653813934783 78.9764849332265
144.534890737255 79.211400953286
144.257403276357 80.0728009685818
143.900660075961 81.1886879080108
144.03940380641 81.5998072359087
144.079018480065 82.0892362485715
143.2862235554 83.1659813798532
143.583531549219 83.4596361806039
NA NA
223.518394819344 37.8450203420644
223.240907358445 37.4534719182401
222.844496700019 36.9836268438861
222.348983376986 30.2295338410333
NA NA
223.518394819344 37.8450203420644
223.776061747321 37.805865499682
224.311189744009 36.9836268438861
224.767062001199 36.6703881048267
224.945446797491 36.2592752940463
225.302189997888 36.1222333457078
225.143625734517 35.8090076408835
226.134652380583 35.2412754605735
226.471601440246 35.2608398475295
226.630165703616 35.7306979561187
226.927473697436 35.1042335122349
227.422960628281 35.2021075839559
227.40314009536 34.9671785296613
227.759909687944 35.2216850051471
228.235576085868 34.6343754036458
228.295037684632 34.8105721943667
228.632013136482 34.7714173519843
228.632013136482 34.9671785296613
229.206782199013 34.4190237705424
229.404987528226 33.8317141690411
229.722116054967 33.1856723039662
230.039244581708 33.1269400403925
230.237423518734 32.8332917567595
230.217629378 33.3227142523047
230.554552045475 33.3814465158783
230.277064584577 33.361856060452
230.138320854127 33.635939957129
231.050065368508 33.8512915902323
231.050065368508 33.361856060452
231.486117092777 33.1465174615838
231.565372832275 33.3227142523047
231.961783490701 33.0290529344365
232.140168286993 33.0290529344365
232.615861077105 33.1856723039662
232.69514320879 33.5772076935553
232.992424810423 33.3422916734959
233.051912801374 33.166094882775
233.309553337164 33.1856723039662
233.666322929747 32.7941238801419
233.805066660197 32.9116014415243
234.082527728908 32.8332917567595
234.30057998323 32.892010986098
234.439323713679 32.6375175448473
234.815887446997 32.5200530177
234.915016503791 32.6375175448473
235.113195440816 32.3438562269791
235.509579707055 32.5004755965088
236.381683155593 31.9327434161987
235.965451964246 31.7957014678602
235.806887700875 31.5411949923744
236.163683685647 31.5411949923744
236.044760488119 31.1496596027853
236.163683685647 30.9930402332556
235.846555158905 30.7189563365786
235.370862368794 30.758111178961
234.954631177446 30.484027282284
234.994272243288 30.0729144715036
234.776246381154 29.7205208900617
234.994272243288 29.3289855004726
233.824887193118 28.9961693402219
233.70596399559 28.5654791082504
233.765425594354 24.4347084080798
232.437476280813 23.3188214686508
231.684296029803 23.2405117838859
231.624860823227 23.4362729615629
229.979756590757 23.7690891218136
229.345525929462 23.5733279441366
229.365320070196 23.0055957638265
228.909474205193 22.868553815488
226.094984922553 25.4527212757878
225.896805985527 26.2749599315837
225.143625734517 27.0188889026147
225.183293192547 27.3321276416741
225.123805201596 27.6453663807336
225.143625734517 28.0173113148963
224.826497207776 28.3697048963382
224.707600402436 28.7025210565889
223.597650558841 29.4464500276199
223.855317486819 29.8771402595915
223.320189490131 29.837985417209
223.16162522676 30.4057175975191
222.884137765861 30.2099564198421
222.348983376986 30.2295338410333
NA NA
199.377381603987 50.6875870615039
199.020638403591 50.1002774600026
198.96115041264 49.8457709845168
197.613380566177 49.5129678585013
196.860226707355 49.767461299752
196.860226707355 49.8457709845168
196.800765108591 49.9240806692817
196.285431252636 50.0023903540465
195.809738462525 49.7087420704135
195.076405136623 50.2764742507235
194.759276609882 50.1981645659587
193.352045164656 51.0204032217546
193.213301434207 49.3367710677804
NA NA
193.213301434207 49.3367710677804
200.229638127417 49.3171936465892
200.30894665129 49.3171936465892
205.997334030959 49.3171936465892
NA NA
208.573976918543 53.6633159798631
208.474847861749 54.0939931775996
208.455027328827 54.1527384754083
208.018975604558 55.1315965007339
NA NA
207.820796667533 55.0924286241164
208.018975604558 55.1315965007339
NA NA
207.820796667533 55.0924286241164
208.078437203322 54.4268093378502
207.999181463825 54.407231916659
207.523488673713 55.1315965007339
NA NA
207.523488673713 55.1315965007339
206.631564692253 55.2294705724549
206.552308952756 55.3469350996022
NA NA
201.597254898988 53.9178094211138
201.815280761123 53.7024577880104
202.271126626125 54.3484996530853
202.350408757811 54.0548513694523
202.707178350394 54.4268093378502
203.163050607585 54.5051190226151
203.638717005509 54.7400480769097
203.797281268879 54.5834287073799
204.114409795621 55.0532868159691
203.856742867643 54.1918802835556
203.638717005509 54.211470738982
202.964845278372 53.5654158396719
203.916204466407 54.1135705987908
203.420717535562 53.0955707653179
203.440538068483 52.5082611638166
203.519793807981 52.3712192154781
203.400897002641 52.273332109522
203.519793807981 52.0384160894626
203.698178604273 52.0775578976099
203.638717005509 51.8426418775504
203.797281268879 51.7055868949768
203.579281798933 51.4902613303437
203.836922334722 51.4706708749174
203.222485814161 50.883361273416
203.797281268879 51.0399806429458
203.856742867643 50.9225161157985
204.213512460227 50.5505451131654
204.372076723598 50.6680096403127
204.490999921126 50.5896999555478
204.907204720286 50.2177419871499
204.827948980788 50.1198548811938
204.84776951371 50.0807000388114
205.065768983657 49.8849258268992
205.303615378712 49.8849258268992
205.303615378712 50.139432302385
205.581102839611 50.0219677752377
205.739667102981 50.0611226176202
205.283821237979 50.3547839354884
205.442385501349 50.511390270783
204.946845786129 50.5701355685918
204.471152996017 51.079122451093
204.510820454047 51.5881354020646
204.808128447867 51.3923611901525
204.590076193545 51.9209385280801
204.70902578326 52.4691063214342
204.431538322362 52.3712192154781
204.134230328542 52.6648805333463
204.510820454047 52.7627546050672
204.84776951371 52.72361279692
204.84776951371 52.8997965534057
205.105410049499 53.1738804500827
204.332435657755 53.193457871274
204.70902578326 53.3892320831861
204.25315352607 53.7220352092016
205.065768983657 54.407231916659
205.283821237979 54.0744287906435
205.42253857624 54.3876544954678
205.56128230669 54.1527384754083
205.71984657006 54.4268093378502
205.501820707926 54.7400480769097
205.997334030959 54.7008932345272
205.759487635903 54.9945545523954
206.076616162644 54.9749771312042
205.818949234667 55.1707383088812
205.799128701745 55.3860899419846
206.255000958936 55.3273576784109
206.552308952756 55.3469350996022
NA NA
201.676537030673 52.4691063214342
201.537793300224 52.8410642898321
200.883742106008 53.3696546619949
200.844074647978 53.4087964701422
200.863895180899 54.0548513694523
201.597254898988 53.9178094211138
NA NA
199.377381603987 50.6875870615039
200.229638127417 51.059558064137
200.01163865747 51.2161643994316
199.971997591627 51.2749096972403
201.379229036853 51.999248212845
NA NA
224.509395073222 43.6006909326356
224.231907612324 43.6398327407829
223.855317486819 43.365761878341
223.379651088895 43.7964521103126
223.2805220321 43.7768746891214
223.201266292603 43.8551843738862
223.716573756369 43.7964521103126
223.934626010692 43.7964521103126
224.509395073222 43.6006909326356
NA NA
213.965056304392 41.3884684064986
214.38128749574 39.9984975703926
214.718210163215 39.019639545067
NA NA
214.718210163215 39.019639545067
215.590287219565 39.0392300004934
215.947083204337 39.0392300004934
217.512878912934 39.0587943874495
NA NA
217.512878912934 39.0587943874495
221.853470053953 39.0587943874495
221.932778577826 39.0392300004934
221.932778577826 38.9609203157285
222.467906574514 38.6280911212427
223.16162522676 38.6280911212427
NA NA
223.16162522676 38.6280911212427
223.359830555973 39.2154137569792
223.597650558841 39.6069621808035
223.022881496311 39.8027363927156
222.824676167097 39.9984975703926
222.448086041592 40.4879200659379
222.86431723294 40.7620039626149
223.042702029232 40.6445394354676
223.558009492999 40.9382007533358
223.815676420976 41.4667780912635
223.676932690527 41.6429748819844
224.152625480638 41.8778909020438
224.410292408616 42.3869038530154
225.460754261258 42.3673264318242
225.995908650134 42.073665113956
225.976088117213 41.8583134808526
225.896805985527 41.8191716727053
225.777882787999 41.5646651972195
225.203113725469 41.329736142925
225.63913905755 41.329736142925
226.253549185923 42.0541007269999
226.194113979347 42.9350586121343
225.896805985527 42.7001425920748
224.46975400738 42.9937908757079
223.776061747321 43.1112554028552
223.894958552661 42.5435232225451
223.736394289291 42.4456361165891
222.983240430468 42.895916803987
222.745394035412 43.1699876664289
222.230086571645 43.1308328240464
NA NA
222.230086571645 43.1308328240464
221.912958044904 42.4064812742066
221.496726853557 42.3281715894418
221.437265254793 42.2498619046769
221.258880458501 41.4667780912635
219.891290079117 41.5255103548371
NA NA
225.857164919685 44.0313811646072
225.956267584291 43.7768746891214
226.174293446426 43.9922263222247
226.233728653002 44.0313811646072
225.341857455918 44.0313811646072
225.857164919685 44.0313811646072
NA NA
165.207363475755 30.9734628120643
167.030826112329 28.7220984777801
167.48669836952 28.2130985610436
167.347954639071 28.9178726896922
168.021826366208 28.5459016870591
168.081287964972 28.3305500539558
168.49751915632 28.4284371599119
168.814647683061 28.2326629479997
168.398416491713 28.898295268501
168.239852228342 29.0549146380307
168.616442353848 29.1332112885604
169.329955146828 28.624211371824
169.825468469861 28.0956209996612
172.045341764861 27.8998598219842
172.679598818343 27.6257759253072
174.423752931045 27.9781695067491
175.196753714976 28.3305500539558
175.394959044189 27.7628178736457
176.504882495596 27.9194372431754
177.951755006665 27.9781695067491
177.000369426441 27.3321276416741
176.802190489416 27.2146631145268
176.861625695992 26.6469309342167
176.385959298068 26.3336921951573
175.593137981215 26.4315793011134
175.137265724025 26.3728470375397
174.820163589471 26.3924114244958
174.066983338461 26.1183405620539
174.304829733517 25.2569600981108
172.957059887054 25.4527212757878
172.659751893234 25.5506083817439
170.360622858736 25.6484954876999
168.418237024634 26.4511567223046
167.863262102837 26.3336921951573
167.347954639071 26.1379179832452
166.178543196713 26.1770728256276
165.247004541598 25.2373696426844
164.077619491428 24.8066794107128
163.086592845362 24.9437213590513
163.324439240417 24.6696374623743
163.106439770471 24.6696374623743
162.214515789011 25.3352567486405
162.313618453618 24.6500600411831
162.591079522328 24.3172569151676
162.967696040021 23.9648633337257
163.998337359742 23.2992310132244
164.692056011989 23.1230472567387
164.672235479067 22.9076956236353
163.086592845362 22.9664278872089
160.648720080414 24.3172569151676
159.637872901427 24.7479471471392
157.437846531535 25.1786504133459
155.455846023778 25.9812986137154
NA NA
165.207363475755 30.9734628120643
164.672235479067 30.6015048436664
164.850620275359 30.01418220793
164.275824820641 30.112069313886
164.315439494296 29.7596887666793
164.374927485247 28.8395630049274
163.304618707496 28.4088597387206
163.36408030626 28.1543532632348
163.344259773339 28.1347888762788
161.679361400135 27.8411275584106
160.569437948729 27.6257759253072
156.565769475185 26.7839598483201
156.288282014286 26.3532696163485
155.455846023778 25.9812986137154
NA NA
174.879625188235 42.5435232225451
176.366138765147 42.5043683801627
178.03103713835 42.4456361165891
179.557191781104 42.4064812742066
NA NA
179.557191781104 42.4064812742066
180.211269367508 41.6625523031756
180.508577361328 41.329736142925
180.845500028803 40.4487782577906
181.559012821783 40.0376524127751
181.876141348524 39.2741460205528
182.332013605714 39.3720331265089
182.27255200695 39.5482168829947
182.728424264141 39.2545685993616
182.926629593354 38.275710574036
182.292372539871 35.123797899191
181.777065076105 34.6343754036458
180.924782160488 34.5756431400721
179.933781906609 35.0259238274701
179.259883787284 35.6915431137363
178.605806200881 36.141810766899
177.931934473743 35.6719526583099
177.852652342058 35.3391495322944
178.169780868799 34.7322625096019
179.061678458071 34.4777560341161
179.398627517734 33.7925593266587
179.933781906609 33.4793336218344
180.032884571216 31.971885224346
179.537344855995 31.2279692875501
179.79503817616 31.0909273392116
180.171601909478 31.1300821815941
179.378806984812 30.0924918926948
177.495882749474 29.5834919759584
177.357139019025 29.6030693971496
177.27785688734 29.544337133576
177.158933689812 29.3289855004726
175.375138511268 28.7220984777801
174.285009200595 28.7220984777801
174.384111865202 28.8591273918834
174.066983338461 29.1136469016044
173.848957476326 29.5247597123847
174.423752931045 29.9162951019739
174.047162805539 30.01418220793
172.976880419976 30.3274079127543
172.818316156605 31.5607724135656
172.302982300651 32.1089271726845
172.560649228628 31.3258433592711
172.104803363625 32.0501949091109
172.243547094074 31.0713499180204
172.362470291602 30.58191438824
171.490366843064 31.4041530440359
170.598442861605 31.6195046771393
170.55882818795 32.0501949091109
170.043494331995 32.2851239634054
169.904750601546 33.3031368311135
169.032647153008 34.45819164716
169.230878874409 35.1629657758086
168.993032479353 35.8090076408835
169.211058341487 36.5529366119146
169.84531539497 37.6296817431962
170.12277646368 39.2545685993616
169.96421220031 39.3524557053177
169.865109535703 39.939765306819
168.675903952612 41.7800168303229
167.883082635759 42.347749010633
NA NA
134.644629554829 36.4550364717233
134.545500498035 30.0924918926948
133.752705573369 29.7792531536354
133.217577576681 29.1527887097517
133.871628770897 28.7025210565889
134.188757297638 28.0956209996612
NA NA
134.188757297638 28.0956209996612
134.089654633032 26.7839598483201
133.435577046628 25.7268051724648
133.514885570501 24.7479471471392
133.316680241288 24.2976664597413
133.19775704376 22.5748924976198
133.19775704376 22.4770053916637
132.206730397694 20.5976120600125
132.186909864772 19.5012764733045
132.286012529379 18.8944024848471
131.889601870953 17.6414605628445
NA NA
149.410662659338 25.3548341698317
152.423330879003 23.6907794370487
154.444998844791 22.3986957068988
158.706334246312 21.0283022919841
157.616231327827 21.0087248707929
157.418025998614 21.0674571343665
156.288282014286 20.6367538681598
155.17835856288 20.6954861317334
154.266614048499 20.5780216045862
153.850409249339 20.186486214997
152.007126079843 20.8521055012632
151.035946358886 20.5976120600125
150.758458897988 20.3626830057179
150.04491971282 20.2060636361882
150.005278646977 19.9711345818936
149.073713599675 19.8536700547464
148.994457860178 20.186486214997
148.697149866358 20.2647958997619
148.419662405459 19.6578958428342
147.587226414951 19.5012764733045
147.82504641782 19.1488959260978
145.862866442984 18.8552476424647
143.841198477197 19.3250927168187
143.781736878433 19.0118539777593
142.513222771468 18.8356702212735
140.729427592924 18.4441217974492
140.273555335734 16.486405746798
139.064529219721 16.3297994115034
139.044708686799 17.6218831416533
131.889601870953 17.6414605628445
NA NA
149.410662659338 25.3548341698317
148.915175728492 25.6484954876999
148.816046671698 27.704085610072
147.27009788821 28.4284371599119
146.81422563102 29.3094080792814
147.408815226472 29.5247597123847
147.587226414951 29.9162951019739
147.250250963101 30.3274079127543
147.210609897259 31.8935755395811
147.190815756525 32.1480950493021
147.785405351977 32.5004755965088
148.855714129728 32.9311658284804
149.906175982371 33.361856060452
150.441330371246 33.9296012749972
151.531433289732 34.6148110166897
152.423330879003 35.2216850051471
152.641356741138 36.4354720847673
NA NA
162.452335791879 81.1495395827459
161.917207795191 81.3257298563493
161.659540867214 81.1495395827459
161.045104346653 81.2082718463196
160.668540613335 81.0320685384811
160.747822745021 81.1103782232459
159.41987343148 81.4432009006142
159.300950233952 81.2865815310844
159.102744904739 81.3844621199229
158.448693710523 81.932629913277
NA NA
155.911691888781 65.4878567973594
160.272129954909 65.5074472527858
160.946028074234 65.4878567973594
163.146080836313 65.4878567973594
NA NA
157.854077722883 62.0422958388813
158.2306414562 61.4158313949976
158.052256659909 61.1613379537469
158.428873177601 61.1026056901733
158.309949980073 60.8676766358787
158.389205719571 60.8089443723051
158.488308384178 60.8285217934963
158.488308384178 60.2216217365686
158.547769982942 60.0650154012741
158.686513713391 60.436973369672
158.944180641368 60.3390992979511
NA NA
140.848350790452 58.5575800380208
140.868171323374 59.3798186938167
140.887991856295 60.3195218767599
NA NA
136.98339965517 46.3023229200827
137.399630846517 47.2811679111731
137.637477241573 47.3399132089819
138.430272166238 48.3187712343075
NA NA
108.28376943666 17.6414605628445
108.28376943666 23.1034698355474
108.28376943666 23.338398889842
108.28376943666 28.0956209996612
NA NA
108.28376943666 28.0956209996612
108.303589969581 28.3109726327646
108.28376943666 30.58191438824
108.263948903738 31.2867015511238
NA NA
108.263948903738 31.2867015511238
104.894511091489 31.2867015511238
104.696305762276 31.306278972315
99.1466621130557 31.2867015511238
97.9772506706977 31.2867015511238
84.0832946225393 31.3258433592711
84.0436535566967 33.0486303556277
NA NA
108.28376943666 17.6414605628445
98.5322255924947 17.6414605628445
97.8781480060911 17.6610510182709
90.9014523787237 17.6610510182709
90.0690163882158 17.6610510182709
66.8000802292101 17.6610510182709
NA NA
134.624809021907 39.939765306819
134.030193034268 39.8223007796717
133.316680241288 39.1566814934055
131.275191742579 38.6476815766691
131.156268545051 38.6868364190515
131.017524814602 38.6868364190515
129.887780830274 38.6868364190515
129.312985375556 38.9804847026846
127.549010729933 38.1974139235063
108.244128370817 38.1191042387414
NA NA
108.244128370817 44.9515069263591
108.244128370817 42.5826780649276
108.244128370817 38.1191042387414
NA NA
63.3910013511179 41.5255103548371
55.5025876015573 41.5255103548371
53.0845089773436 41.5255103548371
NA NA
73.6975201170798 41.5450877760283
73.7173406500011 49.9632355116641
73.6975201170798 52.9389513957882
73.7173406500011 58.6554671439769
NA NA
217.512878912934 39.0587943874495
217.314647191533 38.451907364757
217.611955185353 37.6688235513435
217.948904245015 36.1026559245166
218.801187160632 34.7714173519843
219.058827696422 33.8317141690411
220.010213276645 33.361856060452
220.664290863049 32.7353916165682
220.446238608726 32.1676594362582
220.862469800074 31.2671110956974
NA NA
222.348983376986 30.2295338410333
221.813855380298 30.3665757893718
221.516547386478 30.288266104607
221.338162590186 30.4057175975191
221.199418859737 30.5623369670488
220.862469800074 31.2671110956974
NA NA
223.16162522676 38.6280911212427
223.538188960077 38.0603719751678
223.518394819344 37.8450203420644
NA NA
209.723515043604 43.7181424255477
211.566824605287 44.5403810813436
212.5776189999 44.9906617687415
212.518183793323 45.3038874735658
NA NA
212.518183793323 45.3038874735658
212.181234733661 45.6367036338165
211.903747272762 46.1261261293617
NA NA
211.269516611468 46.7330131520542
211.42805448265 46.4002100260387
211.467695548493 46.3023229200827
211.903747272762 46.1261261293617
NA NA
211.269516611468 46.7330131520542
212.201055266582 47.0070970487312
212.260516865346 46.8504907134367
212.31997846411 47.633561492615
211.983029404448 48.7103066238966
211.923567805684 48.2796033576899
211.388439808995 49.7087420704135
210.972208617648 49.943671124708
210.774003288434 50.4526580072093
210.496515827536 50.5896999555478
209.525336106579 51.7838965797416
208.95054065186 52.0384160894626
209.168540121807 51.3923611901525
208.415412655172 51.1378677489018
207.166719081129 50.3547839354884
206.948693218994 49.8066161421344
206.968513751916 49.4933904373101
NA NA
209.723515043604 43.7181424255477
208.336104131299 45.1081132616537
208.534309460513 45.4213520007131
208.098284128431 45.9890841810232
208.177539867929 46.4197874472299
208.534309460513 46.4980971319948
208.534309460513 46.7525905732454
209.683900369949 47.8293357045271
208.355924664221 48.6319969391318
207.345103877421 49.0626871711034
NA NA
111.891053643965 58.6358897227857
111.910847784699 60.4174089827159
NA NA
111.910847784699 60.4174089827159
111.752309913516 60.4174089827159
111.653180856722 75.7462690907342
99.3646879751903 75.7462690907342
99.3052263764263 76.0594947955585
99.6421754360888 76.4706141234565
NA NA
99.6421754360888 76.4706141234565
93.8546589996255 76.4510432193828
93.8348384667042 76.842578608972
93.8150179337829 77.9388946443273
90.9609139774877 77.9388946443273
NA NA
212.478542727481 45.6367036338165
212.14156727563 45.9303649516847
212.161414200739 45.969506759832
212.478542727481 45.6367036338165
NA NA
214.440722702316 31.2671110956974
209.664079837028 31.3258433592711
209.128925448152 31.3258433592711
207.78115560169 31.7957014678602
206.076616162644 33.0877851980101
205.164871648263 33.8512915902323
204.015307131014 34.4386011917336
204.391897256519 34.8693044579404
204.590076193545 34.5756431400721
204.788281522758 34.6735302460282
204.570282052811 34.8105721943667
204.748640456915 35.0454882144262
204.25315352607 35.2804172687207
204.55046151989 35.946049589222
204.332435657755 36.3963172423848
203.757640203037 36.3571624000024
203.103589008821 36.7486977895916
203.024280484948 36.8074300531652
202.94502474545 36.8857397379301
201.835101294044 37.1794010557983
200.071073864046 37.2968525487104
199.476484268594 37.1402462134159
198.366560817188 36.9053171591213
195.036764070781 37.1402462134159
194.798917675725 37.6884009725347
194.87819980741 38.0603719751678
195.116046202466 38.25614618708
195.433174729207 38.7847104907725
194.739456076961 39.3133008629353
192.281762779092 40.6641168566588
NA NA
214.440722702316 31.2671110956974
214.480363768159 32.9703206708628
214.50018430108 33.9296012749972
214.123620567763 34.4973334553073
214.420902169395 35.4957689018241
214.401108028661 35.5936560077802
214.222723232369 36.1614012223254
214.361466962819 36.1222333457078
214.698416022481 36.141810766899
214.718210163215 39.019639545067
NA NA
213.370440316752 44.8927616285503
212.835312320064 45.4213520007131
212.855106460798 45.5779713702428
212.557824859166 45.499661685478
212.518183793323 45.3038874735658
NA NA
209.723515043604 43.7181424255477
209.366771843208 43.5027907924444
208.732514789726 43.1895650876201
208.554129993434 42.5435232225451
208.157719335008 42.0541007269999
207.979360930903 42.0345102715735
207.543309206634 41.5450877760283
192.321403844935 41.5450877760283
192.281762779092 40.6641168566588
NA NA
211.269516611468 46.7330131520542
211.784824075234 46.4980971319948
211.943388338605 46.3806326048475
211.903747272762 46.1261261293617
211.527157147257 46.243590656509
211.269516611468 46.7330131520542
NA NA
217.433570389061 45.3234648947571
217.393955715406 45.4800842642868
216.957903991137 45.2060003676098
217.909263179172 44.6382681872997
218.246212238835 44.48164881777
217.968751170124 44.48164881777
216.720057596081 45.0689714535064
215.372287749618 45.1276906828449
215.114620821641 45.1081132616537
214.876774426585 45.2843100523746
213.984876837313 45.2647326311834
213.846106714677 45.3038874735658
213.33079925091 45.5192260724341
212.894747526641 45.7150133185814
212.419081128717 45.9303649516847
212.201055266582 46.2631680777002
212.419081128717 46.4002100260387
212.597439532821 46.2631680777002
212.696568589615 46.2240132353178
212.954235517592 46.3610421494211
216.799339727766 45.5975357571989
214.975877091192 46.2827454988914
219.554341019455 44.8144519437855
218.067827442543 44.9710713133152
217.433570389061 45.3234648947571
NA NA
205.680205504217 60.1629025072301
205.799128701745 60.1629025072301
NA NA
205.680205504217 60.1629025072301
206.175692435063 61.8856895035867
206.790128955624 62.7275055805738
206.829770021467 62.7470699675299
206.512641494725 61.9835635753077
205.799128701745 60.1629025072301
NA NA
180.726576831275 65.5074472527858
183.303193326671 64.8026731241372
184.611348499479 64.8026731241372
185.007732765717 64.8222505453284
187.941118853698 64.9201376512845
187.82219565617 65.1942215479615
188.218606314596 65.076743986579
188.793375377127 65.722785851654
188.773581236393 66.0947568542871
192.539403314882 66.1339116966695
196.463816048928 69.3445566350882
NA NA
176.524703028517 65.4878567973594
176.802190489416 64.5677440698426
177.555344348238 64.4698569638865
177.813011276215 63.9021247835764
179.04185792515 63.5301537809434
180.131960843635 63.1581958125454
181.459936549364 62.4925765262793
181.479757082285 62.2772248931759
181.559012821783 62.2380700507935
182.27255200695 61.8465216269692
182.550039467849 62.179350821455
183.362681317623 61.6703378704834
184.274399439816 61.7094927128658
185.146476496167 60.8676766358787
185.542887154593 60.8872540570699
185.443784489986 60.6719024239666
185.780733549649 60.0258605588916
NA NA
205.164871648263 60.2020573496126
199.218817340617 60.2020573496126
196.860226707355 60.2216217365686
195.928661660053 60.2020573496126
185.780733549649 60.0258605588916
NA NA
205.164871648263 60.2020573496126
205.145077507529 60.3978315615247
205.521641240847 60.6719024239666
205.977513498037 61.7682119422043
205.363076977476 61.0634378135557
205.521641240847 61.4941410797625
204.728846316182 61.1417474983206
205.105410049499 61.5724507645273
204.84776951371 61.5724507645273
204.70902578326 61.6116056069097
204.451332463095 61.4941410797625
204.510820454047 61.7094927128658
203.936024999329 61.5920281857185
204.094589262699 61.7486475552483
203.817101801801 61.7486475552483
203.519793807981 62.0422958388813
202.94502474545 61.7878023976307
202.90535728742 60.9655637418348
202.726998883316 60.9264088994524
202.78646048208 61.2983668678503
202.826101547922 62.1597603660286
202.964845278372 62.3359571567495
203.975666065171 62.2380700507935
205.224333247027 62.198915208411
205.125256974608 62.5708862110441
205.105410049499 62.9036893370596
205.125256974608 63.1581958125454
204.84776951371 63.119040970163
205.244153779948 63.1973506549279
205.541461773768 62.375111999132
205.838769767588 62.179350821455
206.314436165512 62.8253796522948
206.195512967984 63.0798861277806
206.215359893093 63.4322797092224
205.858590300509 63.4714215173697
205.204512714106 63.9608570471501
204.808128447867 64.332815015548
204.114409795621 64.137053837871
203.95584553225 64.1566182248271
203.916204466407 63.9608570471501
203.519793807981 64.1566182248271
203.460332209217 63.7846602564292
203.777460735958 63.588886044517
203.599075939666 63.5693216575609
203.024280484948 63.6867731504731
203.24233273927 64.0783215742974
203.123409541742 64.137053837871
202.984665811293 64.0391667319149
202.568434619945 63.9608570471501
201.795433836014 63.7650828352379
202.726998883316 64.2153635226359
203.063921550791 64.4307151557393
203.20266528124 64.3524054709744
203.65853753843 64.4502795426953
203.460332209217 64.6460537546075
203.519793807981 64.7439408605635
203.222485814161 64.8418279665196
203.24233273927 64.9592924936669
203.460332209217 64.9397020382405
202.608075685788 65.5466020951682
201.656716497752 64.9397020382405
201.597254898988 65.1159118631966
202.449537814605 65.7032084304628
202.865742613765 65.6444761668891
203.004486344214 65.8010955364188
203.103589008821 65.6249117799331
203.321588478768 65.722785851654
203.36122954461 65.4682924104033
203.539614340902 65.5074472527858
203.698178604273 65.2725312327263
203.836922334722 65.2920956196824
203.757640203037 65.6444761668891
203.936024999329 65.6249117799331
204.114409795621 65.4291375680209
204.332435657755 65.5466020951682
203.599075939666 66.3492633297729
203.321588478768 66.270953645008
203.163050607585 66.3492633297729
202.806281015001 66.1926439602431
202.885536754499 66.3101084873904
201.735998629437 66.5254601204938
201.418870102696 66.2513762238168
201.438690635617 66.4275730145377
201.141382641798 66.8386858253181
200.606228252922 66.8778406677005
200.725177842637 66.7016438769796
200.447690381739 66.3101084873904
200.427869848818 66.5841923840674
200.408049315896 66.7799535617444
200.566613579267 66.9953051948478
199.436843202751 67.75881158707
198.762945083426 68.9725856324551
198.683689343929 68.6202050852483
198.326893359157 69.148782423176
197.771944829548 69.2075146867496
196.463816048928 69.3445566350882
NA NA
205.303615378712 60.1629025072301
205.521641240847 60.1629025072301
205.56128230669 60.1824799284214
NA NA
205.303615378712 60.1629025072301
205.42253857624 60.3586636849071
205.521641240847 60.3782411060984
205.56128230669 60.1824799284214
NA NA
108.28376943666 17.6414605628445
121.642571095942 17.6414605628445
131.889601870953 17.6414605628445
NA NA
108.28376943666 28.0956209996612
123.287648936224 28.0956209996612
129.293164842635 28.1152114550876
131.889601870953 28.0956209996612
134.188757297638 28.0956209996612
NA NA
182.589680533691 53.7611900515841
183.422116524199 53.6241481032455
183.600501320491 53.1738804500827
183.87798878139 53.1151481865091
183.798733041892 52.4495289002429
184.452784236108 51.7055868949768
184.849168502347 52.0579804764186
184.908656493298 52.1754450035659
185.34468182538 51.999248212845
185.166297029088 51.5098257172998
185.404143424144 51.4119516455789
185.721271950885 50.8246290098424
186.058221010547 50.7071644826951
186.454605276786 50.3939257436357
186.613169540157 50.4526580072093
186.751913270606 50.5701355685918
188.297888446282 49.6891516149871
188.515914308416 49.1409968558682
189.348376691112 47.3203357877907
189.150171361899 46.3806326048475
189.685299358587 46.1848583929354
NA NA
189.62586415201 41.6625523031756
186.851015935213 42.3673264318242
185.324861292459 43.2678617381498
184.968091699875 43.2874521935762
184.353681571501 43.2287199300025
182.82750053656 43.6202553195917
181.995064546052 43.3461714229146
181.856320815602 43.3461714229146
181.697756552232 43.365761878341
181.559012821783 43.5027907924444
181.162628555544 43.4049167207234
182.034705611894 43.1699876664289
181.796885609026 42.9937908757079
181.499577615206 43.1308328240464
180.112140310714 42.62183290731
179.477909649419 42.6413972942661
179.557191781104 42.4064812742066
NA NA
189.685299358587 46.1848583929354
189.665478825665 44.5208166943875
189.62586415201 41.6625523031756
NA NA
111.910847784699 60.4174089827159
122.276828149425 60.3782411060984
122.336263356001 66.9757277736566
123.129084672854 67.4064180056282
123.703880127572 67.6021922175403
124.12011131892 67.484727690393
124.397598779818 67.5238955670106
124.595777716844 67.3672761974809
125.091291039877 67.8371212718349
125.190393704484 68.1699243978504
126.022829694992 68.2678115038065
127.033650481791 68.3657116439977
127.667907535274 68.6593468933956
128.084138726622 68.3657116439977
128.916574717129 68.4831631369098
129.055318447579 68.8942759476902
129.332805908477 69.0508953172199
129.53101123769 69.4032888986618
130.403114686229 68.9530082112638
130.878781084153 69.1879372655584
131.096806946287 69.4620211622354
131.195909610894 69.5403308470003
131.84996080511 69.1879372655584
132.008525068481 69.5011629703827
132.186909864772 69.8731339730158
132.286012529379 69.4032888986618
132.543679457356 69.4620211622354
132.702243720727 69.0508953172199
132.959910648704 69.0117404748375
133.078833846232 69.3837114774706
133.475244504658 69.4620211622354
133.91126983674 69.2075146867496
134.010372501346 69.4032888986618
134.862629024776 69.9318662365895
136.250039937081 69.3445566350882
136.606835921852 69.3445566350882
137.43927191236 69.0313178960287
137.677091915228 69.1879372655584
138.19245216337 69.2858243715145
138.74740069298 68.9530082112638
139.738400946858 69.4032888986618
141.145632392084 70.0493307637367
141.324043580564 70.0297533425455
NA NA
38.6356043995758 41.5450877760283
37.9617062802509 40.6641168566588
37.9617062802509 39.3133008629353
37.4265518913751 38.6672589978603
38.1004500107001 37.2185428639456
38.7347070641824 35.7111205349275
39.2103734621065 32.5004755965088
39.1509382555302 32.3634336481703
39.6266046534543 29.8771402595915
39.4878609230051 29.6422112052969
39.8049894497462 29.6813790819145
39.6068105127206 29.2898306580902
39.4878609230051 28.1543532632348
39.666245719297 27.7628178736457
39.3689113332895 27.1559308509532
40.0626299855358 27.3908468710126
39.9635273209291 27.2146631145268
40.3996054373859 27.3125371862478
40.9545539669953 27.1167760085707
41.2320414278938 27.1167760085707
NA NA
63.7279504107803 27.8998598219842
56.7116137175703 27.8998598219842
54.8485364073413 28.2326629479997
54.5115609554912 28.1739306844261
51.5583543345894 28.9570275320747
50.8448415416094 28.8199855837362
49.0808141116117 29.2506758157077
48.3673277108194 28.9374370766483
46.9600698734055 28.9374370766483
45.295171500202 29.4464500276199
43.6699405850288 29.2115209733253
43.5311968545796 28.6829436353976
43.0356835315465 27.6453663807336
42.3221707385665 27.3125371862478
41.5888110204776 27.4300147476302
41.2320414278938 27.1167760085707
NA NA
189.685299358587 46.1848583929354
189.685299358587 48.5536872543669
189.685299358587 49.3367710677804
193.213301434207 49.3367710677804
NA NA
192.281762779092 40.6641168566588
191.171839327686 41.0360878592919
191.033095597236 41.0164974038655
189.62586415201 41.6625523031756
NA NA
219.693084749904 43.7964521103126
219.772366881589 43.9334940586511
220.862469800074 43.6398327407829
221.139957260973 43.2678617381498
221.159777793894 42.9154811909431
221.258880458501 42.7392974344573
221.417444721871 42.7392974344573
221.417444721871 43.3853392995322
221.714726323503 43.5027907924444
221.794034847376 43.2482973511937
221.952599110747 43.3853392995322
222.230086571645 43.1308328240464
NA NA
188.396991110888 75.5896497212045
188.634837505944 75.2372561397626
189.150171361899 74.9631852773208
188.852863368079 74.9044530137471
188.634837505944 74.1996788850985
189.348376691112 74.6695239594526
189.76460788246 74.160511008481
189.665478825665 73.9843272519952
190.577223340046 73.9060175672303
190.854710800945 73.690665934127
191.588044126846 73.514469143406
191.80606998898 73.2599757021554
191.825890521902 73.2208078255378
191.746608390216 72.9271595419047
191.94481371943 73.1033563326257
192.678147045331 72.5943433816541
194.144866481509 71.7329629177109
194.184507547352 71.4588790210339
193.966455293029 71.0477531760184
194.105199023479 71.2435404221657
194.87819980741 70.4212887321347
196.463816048928 69.3445566350882
NA NA
108.244128370817 38.1191042387414
108.263948903738 35.2412754605735
108.244128370817 34.2624174352479
108.263948903738 31.2867015511238
NA NA
178.863473128858 60.0062831377004
182.490577869085 60.0258605588916
183.541039721727 60.0258605588916
185.780733549649 60.0258605588916
NA NA
143.583531549219 83.4596361806039
140.927632922137 84.262290898091
140.333016934498 84.5363813118855
141.185299850115 83.9490651932667
140.333016934498 83.9686426144579
140.590683862475 83.0876716950883
139.837503611465 83.6162555501336
139.460939878147 83.4792201189126
139.579836683488 84.1056845627964
139.817683078543 84.2427199940173
139.837503611465 84.8300295955186
139.678939348094 84.7908747531362
139.104143893376 85.2215780193429
138.846503357586 85.6522747684321
139.024888153878 85.6326908301233
136.111296206631 87.277168141715
134.822987958933 87.9036325855988
136.884296990563 86.7094359614049
135.239245542468 87.2967455629062
135.437424479494 87.1597036145677
135.298680749045 87.1792810357589
135.278860216123 86.9247875945083
135.140116485674 86.8464779097434
134.882475949885 87.1597036145677
134.604988488986 86.9052036561995
134.743732219435 87.2380132993326
134.525706357301 87.2575907205238
134.486065291458 87.1009713509941
134.307680495166 87.1597036145677
133.812193564321 86.9052036561995
133.91126983674 87.3750487305535
134.347321561009 87.5120971960096
134.20857783056 87.7078648908042
134.50588582438 87.6295552060393
134.486065291458 87.8840551644075
133.65362930095 88.158132543967
133.237398109603 87.7078648908042
133.316680241288 88.0015196915548
133.118448519887 87.9623648491724
133.336500774209 88.5105261254088
132.860807984097 88.7650260837771
132.860807984097 88.4517938618352
132.761705319491 88.6475615566298
132.523858924435 88.8041809261595
132.404935726907 88.6867163990122
132.008525068481 88.8433357685419
131.790525598534 89.1369905692926
132.186909864772 89.7634615302939
131.731037607582 89.8417646979412
130.700396287861 89.7634615302939
131.255371209658 90.0179614886621
131.334653341343 90.4878130801337
131.651781868084 90.5269679225161
130.878781084153 91.819051652666
130.799498952467 91.7211645467099
130.819345877576 91.4666645883417
130.403114686229 91.7603193890923
130.026524560724 91.3883549035768
130.224729889937 91.819051652666
130.046345093645 91.8973613374309
131.096806946287 91.9365161798133
130.938242682917 92.7195934761092
130.700396287861 93.1502902251983
131.096806946287 94.4228030512745
131.215730143815 94.8143449579813
131.513038137635 95.3037739706441
131.612140802242 95.4995416654386
131.691396541739 95.8715126680717
131.869781338031 95.8127738873805
131.790525598534 95.9889706781015
131.909448796062 96.1847448900136
132.048166134323 96.1847448900136
132.028345601402 96.0085480992927
132.087833592353 96.3413577424257
131.116627479209 96.4392448483818
130.422908826962 96.1064352052487
128.777857378868 96.0085480992927
127.271523269035 95.3625062342177
126.637266215553 95.1667385394232
125.507522231225 94.8730772215549
125.031829441113 93.815916028582
124.278675582291 92.797903160874
124.239034516448 92.3867903500936
124.001161729204 91.7994742314748
123.902059064598 90.9380807332965
123.267828403303 90.5465388265897
122.534495077402 89.685151845529
121.662391628864 88.8041809261595
120.909211377853 87.6099777848481
119.501979932627 85.2215780193429
118.966851935939 84.8300295955186
118.649723409198 84.4580716271207
117.995672214982 84.2427199940173
118.035286888637 83.9490651932667
117.856928484533 84.0273748780315
117.718184754083 83.8120232449282
117.480338359027 83.4400587594126
117.22267143105 83.3617490746478
115.201003465263 83.3226007493829
114.249644277227 83.0093620103235
114.051438948014 83.3617490746478
113.119900292899 83.4596361806039
112.327078976046 84.7908747531362
112.327078976046 85.2411554405341
111.950488850541 85.3977617758287
111.514437126272 86.0046618327564
110.622539537 85.9263521479915
110.206308345653 85.5543811453584
109.691000881886 85.4564940394023
109.235128624695 85.143268334578
108.73964169385 85.0258038074307
106.817050000482 83.9490651932667
106.242280937951 83.0289394315147
106.08371667458 82.0696653444979
105.627870809578 81.3257298563493
105.389998022334 80.6796814741568
104.002613502217 79.8378719142873
101.98094553643 78.2325494450779
100.970098357442 77.6452463606942
100.177303432777 76.5880786506038
99.6421754360888 76.4706141234565
NA NA
84.063474089618 41.5646651972195
84.0436535566967 44.9906617687415
90.9807081182214 44.9906617687415
NA NA
214.440722702316 31.2671110956974
217.195750386192 31.2671110956974
220.862469800074 31.2671110956974
NA NA
207.523488673713 55.1315965007339
206.314436165512 56.9914124111939
205.997334030959 57.1284413252973
205.402718043319 58.1856090353877
205.283821237979 57.9115381729459
205.303615378712 57.8919477175195
205.462179642083 57.3046511502534
205.977513498037 55.9929769646771
206.235180426015 56.0125543858683
206.354077231355 55.601441575088
206.552308952756 55.3469350996022
NA NA
207.820796667533 55.0924286241164
207.503668140792 55.6797512598528
207.523488673713 55.7384704891913
208.018975604558 55.1315965007339
NA NA
201.597254898988 53.9178094211138
202.211665027361 54.6225835497624
203.36122954461 54.9945545523954
203.618896472588 55.3273576784109
204.490999921126 55.6405964174704
204.25315352607 55.797202752765
204.114409795621 55.7776383658089
204.114409795621 56.5215673368399
203.480152742138 56.2670608613541
202.053100763991 55.1707383088812
203.460332209217 56.5998770216048
204.154050861463 56.8348060758993
203.757640203037 56.815215620473
204.451332463095 57.3046511502534
204.272974058991 57.5004123279304
203.797281268879 57.2459188866797
203.797281268879 57.5199897491216
203.698178604273 57.559144591504
203.757640203037 57.6570316974601
203.95584553225 57.6374542762689
203.718025529382 57.7744962246074
202.568434619945 56.8543704628554
202.64771675163 57.1480317807236
204.193691927306 58.2247769120053
204.391897256519 58.4401155108735
203.936024999329 58.6946219863593
203.301794338034 58.3422284049174
203.20266528124 58.0485670870492
202.608075685788 57.8919477175195
202.330588224889 57.6570316974601
202.033280231069 57.7940736457986
202.826101547922 58.1268767718141
202.984665811293 58.4205380896823
203.440538068483 58.6946219863593
203.638717005509 59.0274251123748
204.213512460227 58.8903831640363
204.84776951371 58.9295510406539
205.224333247027 58.9099605852275
205.799128701745 60.1629025072301
NA NA
205.56128230669 60.1824799284214
205.402718043319 59.8692411893619
205.462179642083 59.8300863469795
205.680205504217 60.1629025072301
NA NA
205.303615378712 60.1629025072301
205.164871648263 60.0650154012741
205.164871648263 60.2020573496126
NA NA
199.377381603987 50.6875870615039
198.921509346797 51.3140515053876
197.19714937483 50.237306374106
196.820585641512 51.1182903277106
196.860226707355 51.3140515053876
195.869226453476 51.999248212845
195.393533663365 52.6061482697727
194.917840873253 52.3907966366693
193.847558487689 53.8003448939665
193.193480901285 53.6241481032455
192.737635036283 53.193457871274
192.281762779092 54.0352609140259
191.588044126846 55.0336963605427
191.548403061003 55.1315965007339
190.517735349094 56.2474834401629
190.755608136338 56.5607091449872
190.33937694499 56.7173285145169
190.478120675439 56.8348060758993
190.002427885328 57.1480317807236
189.744760957351 57.0501316405324
188.813222302236 57.3633703795918
188.733940170551 57.2459188866797
188.396991110888 57.3242285714446
188.555555374259 57.4612705197831
187.267247126561 57.833228488181
186.81137486937 57.559144591504
185.939271420832 57.9506930153283
184.809527436504 57.4221026431655
184.670783706055 56.7956381992818
NA NA
42.6590934060414 19.1097410837153
42.9365808669399 19.5012764733045
42.5798112743561 19.4229798227748
42.5005027504832 19.4034024015836
42.4014264780642 18.972712169612
42.6590934060414 19.1097410837153
NA NA
43.3329915253664 19.6774862982606
43.5708379204222 19.5600217711133
43.2933504595237 19.2076412239066
43.1149656632318 19.3642475592011
43.3329915253664 19.6774862982606
NA NA
43.5311968545796 18.972712169612
43.2338624685721 18.8748120294208
43.3329915253664 19.0314313989505
42.9167339418309 19.0118539777593
42.8969398010973 18.8552476424647
43.1347598039655 18.6007411669789
43.6699405850288 18.7377831153174
43.5311968545796 18.972712169612
NA NA
43.8681195220544 20.460570111674
43.6897347257625 20.2452184785707
44.0465043183463 19.7753734042166
44.581658707222 20.0690216878497
43.8681195220544 20.3235281633355
44.3239917792448 20.4409926904828
44.4825296504278 20.9499926072192
44.5618117821131 20.9499926072192
44.5618117821131 20.7737958164983
45.0176840393035 21.0087248707929
45.0771456380675 21.3023861886611
44.7996581771689 21.2044860484699
44.5221707162704 21.1849086272787
44.2248891146382 20.6759217447774
43.8681195220544 20.460570111674
NA NA
63.4108482762268 17.6610510182709
45.869993347108 17.6610510182709
43.5509909953133 17.778502511183
43.7492227167141 17.9351218807127
43.6104789862649 18.05258640786
44.1456069829529 18.6007411669789
44.621273380877 18.5028540610228
44.7204024376713 18.9335573272296
44.6014792401434 19.5404443499221
43.967222186661 19.4229798227748
44.2248891146382 19.6774862982606
44.641120305986 19.8341056677903
45.0176840393035 20.1669087938058
45.1167867039101 20.7542314295422
45.5330178952579 21.0283022919841
45.0176840393035 21.8701183689712
44.9978898985698 22.320386022134
45.1167867039101 22.4770053916637
44.9384019076182 22.6336247611934
45.2158893685167 23.2405117838859
44.8789403088542 23.5145826463278
44.740196578405 23.5928923310927
44.5023765755367 23.4362729615629
43.8681195220544 24.1606375456379
43.4915293965493 23.9648633337257
43.3924531241303 24.0431730184906
43.2537093936811 24.0431730184906
43.1546067290745 24.3759761445061
43.0753245973892 24.1410470902115
42.8771192681759 24.2193567749764
42.9960160735162 23.9452859125345
42.698734471884 24.0235955972994
42.9365808669399 23.8473988065785
42.5798112743561 23.8473988065785
42.7384019299143 23.7690891218136
43.0753245973892 23.6907794370487
43.5708379204222 23.2013569415035
43.5906320611559 23.8669762277697
43.8086579232905 23.6712020158575
43.7293757916052 23.4362729615629
44.1456069829529 23.2405117838859
44.0068632525037 23.4950182593717
44.3437859199785 23.4950182593717
44.5221707162704 22.6727665693407
43.9275547286307 22.6140473400022
44.0465043183463 22.3791182857076
44.2446832553719 22.3595408645164
44.1257864500316 21.9484280537361
44.3636328450875 22.0267377385009
44.7005555125623 21.9092601771185
44.3636328450875 21.3611054179996
44.2050421895293 21.2632183120435
44.3437859199785 21.5373022087205
44.1654539080619 21.6156118934854
43.6897347257625 22.2224989161779
43.3528120582877 22.3008086009428
42.5203496755921 23.1034698355474
43.2338624685721 23.0055957638265
43.3924531241303 23.0251601507826
42.3221707385665 23.2796666262684
42.4807086097495 22.8293859388704
43.1744008698081 22.1637796868394
43.3329915253664 21.6939215782503
43.5311968545796 21.7330764206327
43.5906320611559 21.8896827559273
44.06629845908 21.4198376815732
44.06629845908 21.0283022919841
43.8681195220544 20.7150635529247
43.8681195220544 20.9891474496017
43.6302731269985 20.9891474496017
43.7095816508715 20.7150635529247
43.412247264864 20.656331289351
43.5311968545796 20.9695700284105
43.3329915253664 21.106611976749
43.3329915253664 20.9695700284105
42.9167339418309 20.8521055012632
42.7185550048054 20.7346409741159
42.2230152895846 20.656331289351
38.992347599972 20.2647958997619
36.9112444276084 19.7557959830254
37.109423364634 19.8928248971288
36.9905265592937 20.2647958997619
37.069808690979 21.106611976749
37.7436804181163 21.6351893146766
38.5959633337332 23.4558503827542
38.8932449353654 24.5130180928446
39.1112971896876 24.3172569151676
40.0626299855358 24.5521859694622
39.3094761267131 24.9437213590513
38.992347599972 24.7871019895216
39.1707323962639 25.4527212757878
39.5275019888477 25.3744115910229
39.9635273209291 25.472298696979
39.5275019888477 25.746382593656
39.7851425246372 26.0987761750979
39.7058867851396 26.3924114244958
39.4085787913198 26.6273404787904
39.2103734621065 25.7268051724648
39.1707323962639 26.8231146907025
39.646398794188 26.960156639041
40.1022710513784 26.9210017966586
41.529323029526 27.1167760085707
41.2320414278938 27.1167760085707
NA NA
155.455846023778 25.9812986137154
154.326075647263 25.7268051724648
153.671998060859 25.8442566653769
153.969306054679 25.3939890122141
154.266614048499 24.8066794107128
153.850409249339 24.7087923047568
153.751306584732 24.7479471471392
150.778253038721 25.5506083817439
149.668329587315 25.4135664334054
149.470150650289 25.5506083817439
149.410662659338 25.3548341698317
NA NA
164.493824290588 39.8418782008629
164.592926955194 38.8434427543461
164.156875230925 37.5905138665787
164.434389084011 36.6899655260179
164.890234949014 35.6719526583099
164.890234949014 34.653952824837
165.544312535418 33.9296012749972
165.564133068339 33.0682077768189
166.991185046487 31.0321820414028
167.110108244015 30.758111178961
167.14972291767 30.6798014941961
167.367775171992 30.484027282284
167.110108244015 30.3274079127543
166.89208238188 30.6210692306225
166.535312789296 30.7189563365786
165.881235202893 31.7957014678602
165.306466140362 31.8544337314339
164.870414416093 32.1480950493021
164.037978425585 32.8724335649067
163.641567767159 32.8528691779507
164.434389084011 31.5803498347569
165.068619745306 31.3258433592711
165.207363475755 30.9734628120643
